127
152
152
152
152
152
152
152
152
152
152
152
152
152
152
152
152
152
152
152
153
152
152
152
152
152
152
152
152
152
152
152
152
152
152
152
151
152
152
152
152
152
152
152
152
152
152
152
152
152
152
152
152
152
153
152
152
152
152
152
152
152
152
152
152
152
152
152
152
152
152
152
152
152
152
152
152
152
152
152
152
152
152
152
152
152
152
152
152
152
152
152
152
152
152
152
152
152
152
152
152
152
152
152
152
152
152
152
152
153
152
152
152
153
152
153
152
153
152
154
156
154
153
154
154
156
156
156
156
156
156
156
158
158
158
158
158
159
159
159
159
159
159
159
159
159
159
159
159
159
159
159
159
159
159
162
159
163
163
163
163
159
163
163
166
166
167
167
166
167
167
167
167
167
167
168
167
169
169
169
171
192
171
172
172
171
172
172
172
172
172
176
176
176
176
176
176
176
174
176
176
176
192
192
192
192
192
192
192
192
192
176
192
192
192
192
179
192
192
192
192
192
192
192
180
192
192
192
192
192
192
192
192
192
192
192
192
192
192
192
192
192
192
192
192
192
192
192
192
192
192
192
192
192
192
192
192
192
192
192
192
192
192
192
192
192
192
192
192
192
192
192
192
192
192
192
192
192
192
192
192
192
192
195
195
195
195
195
195
195
195
195
195
195
198
197
198
195
195
198
198
195
198
198
198
198
198
199
199
199
199
199
199
199
199
199
199
199
199
201
199
199
201
202
199
199
201
202
202
202
203
203
203
201
201
204
204
203
203
204
203
203
203
204
206
204
204
204
206
204
206
206
206
206
205
205
206
205
206
206
207
206
206
206
206
206
206
206
206
207
207
207
207
224
208
208
207
224
208
207
224
224
224
224
224
224
224
224
208
224
224
224
209
224
224
224
211
224
224
224
224
224
224
211
224
224
211
224
224
224
224
224
224
224
224
224
224
224
224
224
224
224
224
224
224
224
224
224
224
224
224
224
224
224
224
224
224
224
224
224
224
224
224
224
220
224
224
224
224
224
224
224
224
224
224
224
224
224
224
224
224
224
224
224
224
224
224
224
224
224
224
224
224
224
224
224
224
224
224
224
224
224
224
224
224
224
224
224
224
224
224
224
224
224
224
224
224
224
224
224
224
224
224
224
224
224
224
224
224
224
224
224
224
224
224
224
224
224
224
224
224
224
224
224
224
224
225
225
225
225
225
224
225
225
225
225
225
225
225
224
225
225
225
226
225
225
227
225
225
225
225
225
227
225
226
225
225
227
227
225
227
227
227
227
227
226
227
227
227
227
227
227
227
227
227
227
227
227
227
227
240
227
227
227
227
227
240
227
227
240
240
240
227
227
240
227
227
228
240
240
227
240
240
240
240
240
240
240
229
240
240
240
229
240
240
240
240
240
240
240
240
240
240
240
240
240
240
240
240
240
240
240
240
240
240
240
240
240
240
240
240
240
240
240
240
240
240
240
240
240
240
240
240
240
240
240
240
240
240
240
240
240
240
240
240
240
240
240
240
240
240
240
240
240
240
240
240
240
240
240
240
240
240
240
240
240
240
240
240
240
240
240
240
240
240
240
240
240
240
240
231
240
240
240
240
240
240
240
240
240
240
240
240
240
240
240
240
240
240
240
240
240
240
240
240
240
240
240
240
240
240
240
240
240
240
240
240
240
240
240
240
240
240
240
240
240
240
240
240
240
240
240
240
240
240
240
240
240
240
240
240
240
240
240
240
240
240
240
240
240
240
240
240
240
240
240
240
240
240
240
240
240
240
236
240
240
240
240
240
240
240
240
240
240
240
240
240
240
240
240
240
240
240
240
240
240
240
240
240
240
240
240
240
240
240
240
240
240
240
240
240
240
240