120
120
120
120
120
120
120
120
120
120
120
120
124
120
120
120
120
120
120
120
120
120
120
120
120
120
120
120
120
120
120
120
120
120
120
120
120
120
120
120
124
121
120
121
120
120
120
124
121
121
124
124
124
124
124
124
124
124
124
124
124
124
124
126
126
126
126
126
126
126
126
126
127
127
127
127
127
127
128
128
128
129
129
129
131
131
131
131
131
131
135
135
135
135
135
135
135
135
135
135
135
140
142
142
143
142
143
143
143
143
143
143
143
143
143
143
143
143
143
143
143
143
143
143
143
143
143
143
151
151
152
152
152
153
152
153
153
153
153
153
153
154
155
155
156
156
156
156
156
156
158
156
157
158
158
158
158
158
159
159
159
159
159
159
159
159
159
159
159
159
159
159
159
159
159
159
159
159
159
159
159
159
159
159
159
159
159
159
159
159
163
163
163
163
163
165
165
165
166
166
167
166
167
167
167
167
167
167
167
167
167
167
167
168
168
167
169
169
169
169
170
172
170
170
172
172
172
172
172
172
176
172
172
176
176
176
176
176
176
176
176
176
176
176
176
176
176
192
192
192
192
192
192
192
192
192
192
192
192
192
192
192
192
192
192
192
192
192
192
192
192
192
192
192
192
192
192
192
192
192
192
192
192
192
192
192
192
192
192
192
192
192
192
192
192
192
192
192
192
192
192
192
192
192
192
192
192
192
192
192
192
192
192
192
192
192
192
192
192
192
192
192
192
192
192
192
192
192
192
192
192
192
192
192
192
192
192
192
192
192
192
192
192
192
192
192
192
192
192
192
192
192
192
192
192
192
192
192
193
193
193
193
193
194
193
195
195
195
195
195
195
195
195
199
199
199
199
199
199
199
199
199
199
199
199
199
199
199
199
199
199
199
199
199
201
201
207
207
207
207
207
207
207
208
207
208
208
224
224
224
208
224
224
208
224
224
224
224
224
224
224
224
224
224
224
224
224
224
224
224
224
224
224
224
224
224
224
224
224
224
224
224
224
224
224
224
224
224
224
224
224
224
224
224
224
224
224
224
224
224
224
224
224
224
224
224
224
224
224
224
224
224
224
224
224
224
224
224
224
224
224
224
224
224
224
224
224
224
224
224
224
224
224
224
224
224
224
224
224
224
224
224
224
224
224
224
224
224
224
224
224
224
224
224
224
224
224
224
224
224
224
224
224
224
224
224
224
224
224
225
225
225
225
225
225
225
225
225
226
226
225
225
226
227
227
227
227
227
