159
159
159
159
159
158
159
158
158
159
159
159
159
159
158
159
159
159
159
159
159
158
159
159
159
159
159
159
159
159
159
158
159
159
159
159
159
159
159
159
159
159
159
159
159
159
159
159
159
159
159
159
158
159
159
159
159
159
159
159
159
159
159
159
159
159
159
159
159
158
159
158
159
159
159
159
159
159
159
159
159
159
159
159
159
159
159
159
159
159
159
159
159
159
159
159
159
159
159
158
159
159
159
159
159
159
159
159
159
159
159
159
159
159
159
159
159
159
159
159
159
159
159
159
159
159
159
159
159
159
159
159
159
159
159
159
159
159
159
159
159
159
159
159
159
159
159
163
163
164
165
166
166
166
167
167
167
167
167
167
167
167
168
170
169
169
170
171
172
172
172
172
176
176
176
176
176
176
176
176
176
176
176
192
192
192
192
192
192
192
192
192
192
192
192
192
192
192
192
192
192
192
192
192
192
192
192
192
192
192
192
192
192
192
192
192
192
192
192
192
192
192
192
192
192
192
192
192
192
192
192
192
192
192
192
192
192
192
192
192
192
192
192
192
192
192
192
192
192
192
192
193
193
193
193
193
193
193
195
195
195
195
195
195
195
195
195
197
195
195
197
197
199
199
201
199
199
199
202
202
203
203
202
203
203
203
204
204
204
203
204
203
204
204
204
204
204
204
204
204
204
204
205
206
204
205
204
207
207
207
207
207
224
207
207
224
208
224
224
208
208
207
208
207
208
207
208
224
224
224
207
208
208
208
224
224
224
224
224
224
224
224
224
224
224
224
224
224
224
224
224
224
209
224
224
224
224
224
224
224
224
224
224
224
224
224
224
224
224
224
224
224
224
224
224
224
224
224
224
224
224
224
224
224
224
224
224
224
224
224
224
224
224
224
224
224
224
224
224
224
224
224
224
224
224
224
224
224
224
224
224
224
224
224
224
224
224
224
224
224
224
224
224
224
224
224
224
224
224
224
224
224
224
224
224
224
224
224
224
224
224
224
224
224
224
224
224
224
224
224
224
224
224
224
224
224
224
224
224
224
224
224
224
224
224
224
224
224
224
224
224
224
224
224
224
224
224
224
224
224
224
224
224
224
224
224
224
224
224
224
224
224
224
224
224
224
224
224
224
224
224
224
224
224
224
224
224
224
224
224
224
224
224
224
224
224
225
225
224
225
225
225
224
225
225
225
225
225
226
225
225
225
225
225
225
226
226
225
226
227
227
227
227
227
227
227
227
227
227
227
227
227
227
227
227
227
227
227
227
227
227
227
227
240
227
227
240
227
240
240
227
227
240
240
227
240
240
227
240
240
240
240
240
240
240
227
227
227
240
227
240
240
228
240
229
240
240
240
240
240
227
240
240
229
240
229
240
230
240
240
240
229
240
240
240
240
240
240
240
240
240
240
240
240
240
240
240
240
240
240
240
240
240
240
240
240
240
240
240
240
240
240
240
240
240
240
240
240
240
240
240
240
240
240
240
240
240
240
240
240
240
240
240
240
240
240
240
240
240
240
240
240
240
240
240
240
240
240
240
240
240
240
240
240
240
240
240
240
231
240
240
240
240
240
240
240
240
240
240
240
240
240
240
240
240
240
240
232
240
240
240
240
240
240
240
240
240
240
240
240
240
240
240
240
240
240
240
240
240
240
240
240
240
240
240
240
240
240
240
240
240
240
240
240
240
240
240
240
240
240
240
240
240
240
240
240
240
240
240
240
240
240
240
240
240
240
240
240
