131
131
131
131
131
131
131
131
131
131
131
131
131
131
131
131
131
131
131
131
131
131
131
131
131
131
131
131
131
131
131
131
131
131
131
131
131
131
131
131
131
131
131
131
131
131
131
131
131
131
131
131
131
131
131
131
131
131
131
131
131
131
131
131
131
131
131
131
131
131
131
131
131
131
135
135
135
135
135
135
135
135
135
135
135
135
135
135
135
135
135
140
141
142
143
143
143
143
143
143
143
143
143
143
143
143
143
143
143
143
143
143
143
143
143
143
152
152
151
152
152
152
153
153
153
153
154
155
156
156
156
156
156
156
156
157
158
158
158
159
159
159
159
159
159
159
159
159
159
159
159
159
159
159
159
159
159
159
159
159
159
159
159
159
159
159
163
163
163
163
164
163
165
166
166
167
167
166
167
167
167
167
167
167
167
167
167
167
167
169
169
169
169
170
170
171
172
172
172
172
172
172
172
172
176
176
176
176
176
176
176
176
176
176
176
192
176
176
176
176
176
176
176
176
176
176
176
192
192
192
192
192
192
192
192
192
192
192
192
192
192
192
192
192
192
192
192
192
192
192
192
192
192
192
192
192
192
192
192
192
192
192
192
192
192
192
192
192
192
192
192
192
192
192
192
192
192
192
192
192
192
192
192
192
192
192
192
192
192
192
192
192
192
192
192
192
192
192
192
192
192
192
192
192
192
192
192
192
192
192
192
192
192
192
192
192
192
192
192
192
192
192
192
192
193
192
193
192
193
193
193
193
195
195
195
195
195
195
195
195
195
198
197
195
198
198
199
198
198
199
199
199
199
199
199
199
199
199
199
199
199
199
203
203
204
204
203
204
204
204
204
204
204
204
206
206
205
206
206
206
206
206
207
206
207
207
207
207
207
209
224
210
224
224
224
224
224
224
224
224
224
224
224
224
224
224
224
224
224
224
224
211
224
224
224
224
224
224
224
224
224
224
224
224
224
224
224
224
224
224
224
224
224
224
224
224
224
224
224
224
224
224
224
224
224
224
224
224
224
224
224
224
224
224
224
224
224
224
224
224
224
224
224
224
224
224
224
224
224
224
224
224
224
224
224
224
224
224
224
224
224
224
224
224
224
224
224
224
224
224
224
224
224
224
224
224
224
224
224
224
224
224
224
224
224
224
224
224
224
224
224
224
224
224
224
224
225
224
224
225
224
224
225
225
225
225
225
225
227
225
227
226
225
226
227
227
227
227
226
226
227
227
227
227
227
227
227
240
227
227
227
227
227
227
227
227
227
240
240
230
240
240
240
227
240
240
227
240
240
240
230
240
240
229
240
240
240
240
240
240
240
240
240
240
240
240
240
240
240
240
240
240
240
240
240
240
240
240
240
240
240
240
240
240
240
240
240
240
240
240
240
240
240
240
240
240
240
240
240
240
240
240
240
240
240
240
240
240
240
240
240
240
240
240
240
240
240
240
240
240
240
240
240
240
240
240
240
240
240
240
240
240
240
240
240
233
240
240
240
240
240
240
240
240
240
240
240
240
240
240
240
240
240
240
240
240
240
240
240
240
240
240
240
240
240
240
240
240
240
240
240
240
240
240
240
240
240
240
240
240
240
240
240
240
240
240
240
240
240
240
240
240
240
240
240
240
240
240
240
240
240
240
240
240
240
240
240
240
240
240
