192
192
192
192
192
192
192
192
192
192
192
192
192
192
192
192
192
192
192
192
192
192
192
192
192
192
192
192
192
192
192
193
195
195
198
199
199
199
201
204
204
205
206
207
224
224
224
224
224
224
224
224
224
224
224
224
224
224
224
224
224
224
224
224
224
224
224
224
224
224
224
224
224
224
224
224
224
224
224
224
224
224
224
224
224
224
224
224
224
224
224
224
224
224
224
224
224
224
224
224
224
224
224
224
224
224
224
224
224
224
224
224
224
224
224
224
224
224
225
225
224
224
225
225
224
225
225
225
225
225
225
225
225
227
227
227
227
227
227
227
228
227
227
227
227
240
240
230
240
240
240
229
240
240
240
229
240
