150
143
143
143
143
143
143
143
151
143
151
152
152
153
156
159
159
159
163
167
167
171
176
176
192
192
192
192
192
192
192
192
192
192
192
192
192
192
192
192
192
192
192
192
193
193
194
195
195
195
195
198
198
199
199
199
199
199
199
199
202
204
204
204
204
206
206
207
207
224
224
224
224
224
224
224
224
224
224
224
224
224
224
224
224
224
224
224
224
224
224
224
224
224
224
224
224
224
224
224
224
224
224
224
224
224
224
224
224
224
224
224
224
224
224
224
224
224
224
224
224
224
224
224
224
224
225
224
225
225
