873
801
891
780
864
816
857
818
755
843
902
824
811
849
819
754
867
821
790
828
871
761
852
830
876
879
890
841
773
865
793
845
817
819
872
863
823
826
918
832
787
806
873
752
850
840
777
819
870
846
849
835
908
885
911
772
866
798
829
819
809
818
833
851
811
836
815
809
809
835
820
797
812
850
808
824
808
759
848
851
803
809
829
792
796
831
823
912
787
866
826
814
864
779
810
808
771
824
763
765
883
824
812
859
782
817
881
809
862
787
772
841
858
756
844
806
865
860
817
809
788
842
794
802
769
802
767
798
820
776
774
769
757
793
881
847
840
801
782
828
807
767
846
854
884
799
898
818
770
812
932
808
876
855
825
827
839
812
798
791
810
812
774
862
760
804
795
801
836
793
865
841
803
833
746
806
828
858
854
727
756
864
826
791
860
861
835
876
782
793
771
864
792
838
871
799
900
863
835
810
852
777
806
747
863
806
892
851
777
808
842
827
831
788
796
848
840
858
798
747
804
827
887
908
766
873
775
802
701
761
793
905
851
784
767
791
844
868
780
788
819
835
872
784
872
841
766
807
821
797
861
794
790
854
857
856
839
792
819
847
811
804
805
806
789
809
860
778
802
744
839
831
843
795
798
833
772
779
764
828
793
849
823
799
836
797
818
842
876
880
836
855
816
882
829
808
798
814
787
813
784
801
896
856
853
758
787
780
840
794
841
816
863
874
836
883
771
888
783
809
883
798
774
864
842
873
748
871
869
834
817
825
800
825
796
891
810
828
804
851
821
854
815
828
818
822
799
875
840
810
835
815
835
824
894
867
763
853
769
787
829
880
848
775
820
865
777
847
814
835
826
797
804
841
858
851
762
785
745
847
817
782
886
795
810
827
800
828
787
798
838
794
908
835
810
875
761
811
893
793
822
847
805
774
789
848
823
732
772
788
786
821
851
753
845
868
853
809
815
746
748
813
833
746
848
828
847
809
839
791
840
903
878
796
786
765
823
813
874
853
819
783
754
842
871
797
793
788
798
806
861
808
790
885
817
830
786
765
762
801
819
823
860
888
758
836
743
864
793
798
869
812
830
768
809
760
865
750
793
801
864
790
764
812
827
766
805
780
785
797
812
844
843
830
836
792
824
874
772
835
