13.102329436458525
13.128750375000738
13.075871903765997
13.168313499738115
13.155134870817065
12.291964344923691
11.530636962849705
12.956356040743547
13.181483074290501
12.347102267556085
11.887132105217287
11.152023763740512
11.695516752310827
11.985684543126194
11.957581893861644
11.385992271732071
12.153386861559873
9.906926259661326
11.033834423039199
12.125544227287456
11.12255291076124
11.415017320773135
12.545603089125844
11.516226243634268
11.033834423039199
9.962392671463128
11.393253074834867
10.127647382709299
10.77991825265119
10.70450250801873
11.210814077553717
9.691147861521197
9.59428799855313
10.05703219241597
9.083940218830508
9.496822743759934
8.983155525287373
9.2835159104788
9.150757556817236
8.966292092228423
9.561867406314617
10.430139833534437
9.545631755148026
9.217281510363689
10.275717799808088
9.835326828252576
8.915587399587974
7.540064007726601
9.20067781582802
7.017082793177758
9.184055965240498
7.67922556730505
8.293107754891142
7.558701406786119
7.642254619787417
7.586609569571049
7.605183207182845
7.247831917149709
7.97147165484081
5.99747448171464
7.6237315228266525
6.880570286640685
7.304893912399379
6.27833766263071
6.997668788647985
5.986945761405142
8.115325863841198
7.455876265060038
7.455876265060038
6.880570286640685
6.3194024517294185
6.421470496399744
7.342799669870752
7.228756555322953
5.923578203363167
5.292707935887323
6.683003818440877
4.600647969522305
6.573019051954391
4.468808890984667
6.643120059877818
5.752927853573899
6.029005349444722
5.965860528261986
5.902380714238085
-0.05411609989436883
4.952145677879516
4.624442944398915
6.091820425896227
4.952145677879516
5.135075167680682
3.974715509474418
3.808777763417888
4.766108438479101
5.066830958984937
4.70730893579076
5.470207346236448
3.252354327740621
4.137937550497034
3.059288441743483
4.286305498481017
3.5610742813839398
5.078234188139946
3.8601329718326944
3.3067804108704326
5.623296008491314
4.600647969522305
6.421470496399744
5.202903664008296
4.4567410957446185
5.492202011394818
4.929064207170002
4.162815962263032
2.975274678557506
2.9893314995098947
3.7571522588314785
4.504929097977547
3.885710532241612
3.974715509474418
3.031370691409837
3.7571522588314785
3.885710532241612
5.247895426040888
4.64818474594794
4.012618301549564
5.066830958984937
4.261726477695179
0.9449494765853581
3.031370691409837
1.7524841245248677
3.6006102499641752
3.1425302069973284
3.1148674198151713
2.4387274640268615
0.9812157778838024
1.1421356056925314
2.6017381377195505
3.4548368253470887
2.8334762709990358
2.6017381377195505
2.4536765057959524
2.102873913406629
2.7904907299153265
2.423751893283418
4.012618301549564
3.059288441743483
2.5870468577604573
0.666666666666667
3.547859244962515
2.5132101744728157
3.1148674198151713
2.5723303998882656
2.333333333333334
3.0173794038584916
2.8334762709990358
2.876253645985946
3.2386977087431195
1.4535599249992996
3.0173794038584916
2.2419228902782713
1.6706182174831152
2.804842561071295
0.7044384514659354
1.78498944161523
2.5723303998882656
0.7979497800528961
0.8349961022060377
1.385489458759964
2.333333333333334
1.9455215770466037
2.4834955631329816
2.9188258501584468
2.2112266089934707
1.1949758003537978
2.393720596645176
2.393720596645176
2.8620174641756115
2.689364217539193
1.6376261582597333
1.6706182174831152
2.9470947826937124
2.164965809277261
3.4146887169127194
4.012618301549564
2.4834955631329816
2.5280286542244177
3.718253158075502
2.378664583453631
3.059288441743483
2.423751893283418
3.4146887169127194
4.012618301549564
2.36358146666217
2.689364217539193
3.252354327740621
2.8477583761554133
3.252354327740621
3.4548368253470887
2.890467031624608
4.125475422184014
(-6+4.494665749754947j)
3.387827924036163
2.302975005345612
3.387827924036163
2.36358146666217
0.33652232312923847
1.5377836144440913
2.164965809277261
3.1838681579949935
2.055990932156634
1.8977045635891816
1.6706182174831152
1.2995087699672156
2.055990932156634
2.890467031624608
2.36358146666217
1.5377836144440913
2.302975005345612
2.2112266089934707
1.4366007223078956
1.1949758003537978
2.4536765057959524
1.3683735853259575
2.6456621925376407
2.7472939538551877
3.4414730917063014
2.0872764515651614
-0.18292308471137364
1.7198419411254529
1.4704806276491214
2.4834955631329816
1.7687537838147085
1.865665062071158
2.287754140107481
2.890467031624608
2.36358146666217
1.993052538854533
2.36358146666217
1.4196027555729058
1.1949758003537978
0.8534441684234197
1.4196027555729058
1.3683735853259575
2.287754140107481
1.8173595997057168
2.4536765057959524
3.2796072713833713
2.102873913406629
1.7361802492240868
1.4366007223078956
1.865665062071158
1.5377836144440913
1.0531889771559895
1.5377836144440913
0.6855792342152149
1.1244351184901502
1.8011913102157582
2.393720596645176
2.9893314995098947
2.8334762709990358
1.334022006230878
2.5132101744728157
1.993052538854533
2.393720596645176
1.4366007223078956
2.2419228902782713
1.604490964442185
2.055990932156634
1.993052538854533
3.2796072713833713
2.5280286542244177
1.106690545187015
2.631045677955221
1.5878691063932813
1.993052538854533
0.9084927970775745
1.5377836144440913
1.5712107567569626
1.1949758003537978
1.8817010931151232
2.9470947826937124
-0.03291858560144956
2.689364217539193
0.609604276117345
3.2386977087431195
1.993052538854533
0.9084927970775745
1.78498944161523
2.055990932156634
1.6210765696722982
0.29654386520610654
1.106690545187015
1.4025657577612778
2.055990932156634
2.7183772004944267
1.5377836144440913
1.5377836144440913
1.7361802492240868
1.2648315725677897
2.423751893283418
2.0872764515651614
2.4834955631329816
3.387827924036163
2.4387274640268615
2.5723303998882656
2.890467031624608
3.387827924036163
2.631045677955221
3.252354327740621
(-6+1.8802535827258875j)
4.2370884433993155
1.8977045635891816
2.9470947826937124
2.7183772004944267
2.5575886342078427
1.7361802492240868
2.9470947826937124
2.6602540378443873
2.8334762709990358
1.9613967608603948
1.993052538854533
2.2725052695264836
2.8334762709990358
1.7034689811431285
1.5878691063932813
1.1244351184901502
1.8817010931151232
2.689364217539193
1.1597923337640363
2.393720596645176
1.6706182174831152
1.247430753394787
2.4834955631329816
1.247430753394787
2.4834955631329816
2.302975005345612
1.9296146109875911
2.4387274640268615
2.6017381377195505
2.7183772004944267
3.2796072713833713
0.609604276117345
2.2419228902782713
1.0710678118654755
2.96119580764924
1.5042075739635106
1.865665062071158
0.666666666666667
2.7183772004944267
1.1244351184901502
3.3338744431887513
1.487363091276265
-0.7535485778240041
1.5712107567569626
2.7472939538551877
2.9893314995098947
2.6456621925376407
1.2821908125441919
2.3484710993672184
2.5428214297033023
1.7361802492240868
1.4704806276491214
2.4983658559879753
1.6706182174831152
2.0088335069106122
0.45497224367902867
2.408749651825218
2.2419228902782713
2.631045677955221
1.5712107567569626
2.6456621925376407
1.017294652672371
2.7183772004944267
2.631045677955221
1.7687537838147085
1.865665062071158
2.7183772004944267
2.302975005345612
2.9470947826937124
0.609604276117345
2.4834955631329816
1.0531889771559895
3.4012679136294377
1.6706182174831152
3.547859244962515
0.4745032179459088
3.1563302604473513
1.8977045635891816
3.059288441743483
2.024583440524461
3.4681816969502997
0.8534441684234197
1.7361802492240868
2.333333333333334
1.7034689811431285
2.1804151434503574
2.1494871871880026
2.36358146666217
2.302975005345612
2.6602540378443873
2.118441408859887
0.2158156050806106
3.073215103987799
1.554515674132067
1.9613967608603948
0.609604276117345
2.2572282384477056
0.45497224367902867
2.96119580764924
1.9613967608603948
1.5878691063932813
1.993052538854533
2.2725052695264836
2.423751893283418
3.2250208726598615
2.5132101744728157
3.1701095462872804
2.804842561071295
3.1701095462872804
3.1425302069973284
3.7571522588314785
2.7183772004944267
3.1425302069973284
1.6870611478580742
1.7524841245248677
2.9893314995098947
3.3338744431887513
2.77611542883308
0.9084927970775745
2.5428214297033023
3.494815172056544
4.162815962263032
3.70525214468533
2.4834955631329816
2.423751893283418
4.212390968472041
3.5213741474939244
2.287754140107481
1.9136756710306644
1.52101433090355
1.993052538854533
0.9267451216136129
1.8011913102157582
1.8977045635891816
0.8349961022060377
1.1421356056925314
2.5428214297033023
1.6376261582597333
2.5723303998882656
2.975274678557506
-0.09673947309752773
0.9812157778838024
2.102873913406629
2.287754140107481
2.5723303998882656
1.4704806276491214
2.0088335069106122
2.36358146666217
2.4834955631329816
2.5723303998882656
1.3512178610352752
1.6706182174831152
2.36358146666217
1.654139963827327
2.7617165423036134
1.9613967608603948
1.5377836144440913
2.9893314995098947
2.7904907299153265
1.8495962709021931
-0.33689951786946715
1.7361802492240868
0.9812157778838024
2.4834955631329816
2.4983658559879753
2.689364217539193
2.2419228902782713
2.2725052695264836
1.993052538854533
2.77611542883308
2.302975005345612
2.118441408859887
1.334022006230878
1.1244351184901502
2.287754140107481
2.3181680189762464
1.993052538854533
3.0033663737852017
2.36358146666217
2.6602540378443873
2.287754140107481
2.1494871871880026
1.487363091276265
1.554515674132067
2.4387274640268615
2.7183772004944267
2.0088335069106122
3.031370691409837
2.631045677955221
2.164965809277261
