10.55264024226646
10.05703219241597
11.298624923456323
10.135474438439527
11.67409792248921
10.244657241348275
10.734709589667371
11.298624923456323
10.764862244009226
10.643923876904811
9.89898669028243
6.339883600452936
11.443994075123086
9.545631755148026
10.088454986057048
10.064893652956687
9.891043154093207
9.2835159104788
10.430139833534437
9.431503916706017
9.803400733622961
7.642254619787417
10.009782363078248
8.779524465771672
8.590366269521404
8.983155525287373
9.803400733622961
8.890170305176893
8.079500105910126
8.381174563233069
8.745312557699226
9.382332775498053
9.2835159104788
8.642197218789926
8.642197218789926
8.839205511145812
9.803400733622961
9.36590742882148
10.119816526514342
9.2835159104788
10.794960764190762
9.167415898909908
8.983155525287373
8.9071198499986
8.468705344412621
7.953385599809449
9.233867108213433
8.76242842249516
9.308279927654654
7.67922556730505
8.124268104753234
8.416250650855195
7.530735681433146
6.95875352529297
7.898986228564233
8.204494949405163
7.228756555322953
7.190523074916287
8.115325863841198
9.217281510363689
8.847711791873705
7.752869305763586
7.113721705515067
7.898986228564233
8.204494949405163
8.115325863841198
8.915587399587974
7.2668798521016615
7.075151852257623
6.9197210464929135
7.2668798521016615
6.841300163884881
6.841300163884881
7.826120792240179
1.334022006230878
7.075151852257623
7.512059708858512
6.841300163884881
7.697673620957051
8.079500105910126
7.605183207182845
7.323860271154622
7.228756555322953
7.065491598369757
5.94473807484985
7.190523074916287
6.380744253994923
8.115325863841198
5.2254220860554295
6.683003818440877
6.583057392117917
7.036467886260256
7.771218705926671
5.557934875480939
5.742179860604585
6.029005349444722
5.392891634610583
5.8065210538049445
6.029005349444722
5.381803659589924
6.722762548624685
5.817210527297238
6.441783626071457
5.426091000668407
5.568854041709743
5.470207346236448
5.77439440635329
4.212390968472041
5.923578203363167
4.660035817780523
4.540925533894599
4.742627257986774
4.789538517199956
5.57976291168818
5.470207346236448
3.8601329718326944
4.408329997330664
4.789538517199956
4.9751786069542145
5.426091000668407
4.683698523517693
5.965860528261986
4.824588545146517
6.154310870109944
5.536065537296853
4.64818474594794
3.059288441743483
4.480862791225007
5.009637651263606
4.730867399773196
3.808777763417888
3.834488889473196
4.062933283224442
5.426091000668407
5.470207346236448
4.504929097977547
3.3743686656109215
4.162815962263032
4.224747162910903
4.0378073182132646
4.087996667707458
4.742627257986774
3.6922336919511984
4.408329997330664
4.261726477695179
3.6006102499641752
4.516941599441381
5.1690409054437065
4.859525446781408
4.261726477695179
6.195793280364084
5.0211000569202024
5.470207346236448
3.613752775282004
4.371873387954443
3.347392009204352
4.600647969522305
4.224747162910903
2.9893314995098947
4.087996667707458
3.782999065065411
3.7571522588314785
4.4567410957446185
3.2250208726598615
4.600647969522305
5.180339887498949
2.5132101744728157
3.2386977087431195
2.1339791099815457
3.031370691409837
3.2932037728458514
2.5428214297033023
3.4414730917063014
2.7183772004944267
2.8334762709990358
3.808777763417888
3.6006102499641752
4.335288182638248
4.408329997330664
4.4567410957446185
3.936668140648239
4.18763362061469
2.9470947826937124
3.428090415820634
3.0033663737852017
3.70525214468533
3.5610742813839398
4.212390968472041
3.4815077861587973
3.8984745279158037
-5.289330945481298
3.4414730917063014
2.118441408859887
4.4567410957446185
4.1129979369486325
3.62687735856065
3.2250208726598615
3.4146887169127194
2.8477583761554133
1.993052538854533
2.36358146666217
2.36358146666217
2.0088335069106122
3.087120422650818
2.674821338363417
0.5712874067277101
1.5042075739635106
3.073215103987799
3.252354327740621
1.8817010931151232
1.6870611478580742
2.2265890669686232
1.9613967608603948
1.2299880548122122
-0.13967284672311564
-1.285954792089683
-0.3816678128063158
2.7183772004944267
2.302975005345612
1.6376261582597333
2.804842561071295
1.2995087699672156
1.3683735853259575
1.3683735853259575
1.0889015547209606
0.5327457991848785
2.616404368553292
2.1804151434503574
0.07195906348905456
3.073215103987799
0.5327457991848785
-0.4041862689032154
-0.518165904507411
1.52101433090355
1.247430753394787
-1.5053342502450526
1.0531889771559895
1.6376261582597333
1.9296146109875911
3.087120422650818
3.1425302069973284
3.252354327740621
1.8011913102157582
1.604490964442185
1.1244351184901502
1.865665062071158
2.6456621925376407
2.1494871871880026
2.302975005345612
0.7979497800528961
1.8977045635891816
1.3512178610352752
0.9992784620915742
1.6706182174831152
1.4025657577612778
2.024583440524461
2.6017381377195505
2.4834955631329816
1.993052538854533
2.2419228902782713
2.302975005345612
2.3181680189762464
1.106690545187015
2.423751893283418
(-6+3.3333333333333335j)
3.087120422650818
2.302975005345612
1.8817010931151232
3.9239532689774634
-2.518446880886043
1.7524841245248677
1.3512178610352752
1.7034689811431285
1.1597923337640363
1.035264706814485
0.590473688161075
1.7034689811431285
1.78498944161523
1.8495962709021931
0.17505571888328308
2.2112266089934707
2.2419228902782713
3.808777763417888
1.993052538854533
2.6017381377195505
1.4025657577612778
0.9267451216136129
2.0872764515651614
3.197606188349205
1.5377836144440913
3.197606188349205
3.0033663737852017
3.70525214468533
2.5428214297033023
3.1148674198151713
2.423751893283418
2.689364217539193
3.4414730917063014
3.1701095462872804
1.8495962709021931
1.993052538854533
1.035264706814485
3.547859244962515
1.0531889771559895
2.2112266089934707
1.7361802492240868
2.9470947826937124
1.7361802492240868
2.6602540378443873
0.25630994607956925
1.6706182174831152
(-6+5.481834095492589j)
3.547859244962515
2.7617165423036134
0.6477002934788807
0.25630994607956925
1.8011913102157582
1.9136756710306644
2.0872764515651614
1.833494518006403
-1.7064765711197714
1.6706182174831152
0.6855792342152149
1.2125031729769127
1.993052538854533
2.6017381377195505
2.4834955631329816
0.9812157778838024
2.77611542883308
1.9296146109875911
1.0531889771559895
0.9084927970775745
1.334022006230878
1.9613967608603948
2.7472939538551877
1.8977045635891816
-0.011796107463786676
2.118441408859887
1.5377836144440913
0.9084927970775745
1.4196027555729058
0.9084927970775745
2.1804151434503574
1.6376261582597333
2.7617165423036134
1.5878691063932813
2.9470947826937124
0.276459144608479
3.0453403373329095
1.993052538854533
1.7034689811431285
0.9084927970775745
3.087120422650818
1.0889015547209606
2.4834955631329816
2.9893314995098947
2.2112266089934707
1.52101433090355
0.1340249939385334
1.604490964442185
2.5870468577604573
0.9631062382279136
2.890467031624608
2.333333333333334
2.6017381377195505
1.865665062071158
2.689364217539193
2.055990932156634
1.8011913102157582
1.554515674132067
1.993052538854533
1.6376261582597333
1.4704806276491214
2.423751893283418
1.2995087699672156
1.2125031729769127
1.833494518006403
2.055990932156634
2.890467031624608
2.2725052695264836
0.5327457991848785
1.8011913102157582
3.4414730917063014
1.8977045635891816
2.423751893283418
1.0889015547209606
1.9296146109875911
1.5377836144440913
2.7328475460542805
1.52101433090355
2.8620174641756115
0.609604276117345
2.2725052695264836
1.3512178610352752
2.8477583761554133
0.666666666666667
0.5520449425574707
1.5878691063932813
1.654139963827327
1.0531889771559895
2.5723303998882656
2.7328475460542805
2.040302522073697
1.9136756710306644
3.547859244962515
1.2125031729769127
3.2932037728458514
1.1949758003537978
2.5132101744728157
3.2250208726598615
2.6602540378443873
2.1339791099815457
2.3181680189762464
-0.33689951786946715
3.962049198956219
2.674821338363417
4.062933283224442
2.7183772004944267
2.408749651825218
3.5213741474939244
4.125475422184014
3.9873657561678773
3.7571522588314785
2.164965809277261
3.3067804108704326
2.2112266089934707
3.4012679136294377
2.393720596645176
2.96119580764924
3.059288441743483
2.302975005345612
1.4704806276491214
2.9470947826937124
2.302975005345612
1.2648315725677897
2.4983658559879753
2.118441408859887
2.9470947826937124
1.8011913102157582
1.8817010931151232
0.17505571888328308
1.993052538854533
1.7361802492240868
1.865665062071158
2.804842561071295
1.7361802492240868
1.8817010931151232
1.9613967608603948
2.9470947826937124
2.7472939538551877
0.9449494765853581
0.7607004597948812
1.993052538854533
1.6706182174831152
1.8011913102157582
2.5132101744728157
-1.5904144815590158
1.2648315725677897
2.5280286542244177
3.387827924036163
3.653072991634229
3.731236802019037
2.804842561071295
2.2725052695264836
3.4012679136294377
2.2419228902782713
3.1701095462872804
-0.2924823630795865
1.5377836144440913
1.017294652672371
1.3683735853259575
2.0872764515651614
1.6870611478580742
1.993052538854533
2.333333333333334
1.5712107567569626
1.8011913102157582
2.287754140107481
0.3165647229320703
2.378664583453631
3.252354327740621
1.334022006230878
2.9470947826937124
1.7034689811431285
1.993052538854533
2.975274678557506
1.865665062071158
1.8011913102157582
2.689364217539193
2.1804151434503574
1.6870611478580742
2.9893314995098947
1.2995087699672156
2.4834955631329816
1.4366007223078956
1.6376261582597333
2.102873913406629
2.890467031624608
2.77611542883308
0.5712874067277101
