20.40496586292477
20.519480166150096
20.66193139775485
20.12615083734605
20.347522069293714
20.5765522841683
20.28995276073383
19.775840226730523
20.347522069293714
19.141016428750593
19.43063451267333
18.587506065997314
19.020193864358866
19.17113145223827
18.43813049769197
17.164977047607056
17.596995186213473
15.840792156426058
16.735856964697682
14.955701232395306
15.01586702153082
13.155134870817065
12.250501584362226
11.985684543126194
12.236659715412731
10.127647382709299
9.930721226230744
8.847711791873705
8.9071198499986
7.6329962172145365
8.115325863841198
7.171364716112317
6.5629726907401515
4.162815962263032
6.421470496399744
4.480862791225007
5.688291646607798
5.066830958984937
6.20614185522596
6.70289873862011
5.965860528261986
4.212390968472041
4.9981632993693985
4.71909463989333
3.962049198956219
3.679197729505722
3.613752775282004
2.1494871871880026
2.423751893283418
3.360890055238478
2.9470947826937124
2.9893314995098947
2.6017381377195505
1.78498944161523
1.5712107567569626
3.3067804108704326
3.5081039331740804
3.1838681579949935
2.9470947826937124
1.1244351184901502
0.4939754520414672
1.1949758003537978
2.423751893283418
1.9296146109875911
1.833494518006403
2.6017381377195505
1.78498944161523
1.8817010931151232
1.0531889771559895
1.6706182174831152
1.8011913102157582
2.2265890669686232
2.4834955631329816
1.2995087699672156
3.4414730917063014
1.993052538854533
1.7034689811431285
1.52101433090355
1.4704806276491214
2.055990932156634
2.164965809277261
2.2725052695264836
1.6706182174831152
2.423751893283418
1.8011913102157582
2.8334762709990358
1.0889015547209606
2.055990932156634
1.247430753394787
1.6706182174831152
1.865665062071158
2.4834955631329816
2.024583440524461
1.1244351184901502
2.804842561071295
2.5575886342078427
2.0872764515651614
-0.2924823630795865
2.024583440524461
2.4834955631329816
2.1804151434503574
2.890467031624608
1.385489458759964
1.78498944161523
1.487363091276265
2.055990932156634
-2.0752018645489034
3.3338744431887513
1.9296146109875911
3.031370691409837
4.310825927787324
2.2572282384477056
3.3067804108704326
2.7472939538551877
2.5428214297033023
-0.24840821330233087
3.2250208726598615
3.70525214468533
3.808777763417888
2.071648849616487
3.1425302069973284
3.197606188349205
2.4983658559879753
2.5428214297033023
1.334022006230878
2.4834955631329816
2.2112266089934707
2.77611542883308
3.808777763417888
2.2265890669686232
2.77611542883308
1.035264706814485
2.5870468577604573
0.09271795844942421
2.7183772004944267
-0.5644269349539099
2.6017381377195505
2.890467031624608
2.5132101744728157
2.2112266089934707
3.4815077861587973
2.195835355332438
1.6376261582597333
2.055990932156634
1.604490964442185
1.554515674132067
1.8977045635891816
1.865665062071158
2.287754140107481
0.8534441684234197
3.2386977087431195
0.6855792342152149
2.5723303998882656
0.8534441684234197
4.0378073182132646
3.211323729436767
2.77611542883308
2.423751893283418
2.9470947826937124
3.4548368253470887
3.031370691409837
1.9296146109875911
1.2648315725677897
2.1804151434503574
3.387827924036163
2.616404368553292
3.5213741474939244
2.1804151434503574
3.0033663737852017
1.1597923337640363
2.287754140107481
2.2112266089934707
1.993052538854533
-0.2924823630795865
2.055990932156634
2.7328475460542805
3.1425302069973284
3.2659908190428215
2.4983658559879753
2.302975005345612
2.1339791099815457
2.8334762709990358
1.8817010931151232
-0.47229201607433335
2.9470947826937124
1.2648315725677897
2.631045677955221
1.334022006230878
1.6706182174831152
1.833494518006403
0.5712874067277101
1.833494518006403
-0.518165904507411
1.993052538854533
1.6210765696722982
1.6210765696722982
1.8011913102157582
2.040302522073697
2.5723303998882656
1.993052538854533
0.5520449425574707
1.4704806276491214
1.993052538854533
2.2419228902782713
1.5712107567569626
2.040302522073697
2.77611542883308
1.4366007223078956
1.6706182174831152
1.017294652672371
1.0710678118654755
1.8977045635891816
1.0710678118654755
1.9296146109875911
3.1425302069973284
2.118441408859887
3.7571522588314785
3.3067804108704326
1.654139963827327
1.8977045635891816
3.2796072713833713
2.804842561071295
3.4146887169127194
2.0088335069106122
2.0872764515651614
1.993052538854533
3.4414730917063014
2.4983658559879753
1.7361802492240868
2.7904907299153265
4.137937550497034
3.547859244962515
3.387827924036163
3.679197729505722
3.197606188349205
3.0033663737852017
(-6+3.097734590948617j)
1.8011913102157582
2.102873913406629
2.7904907299153265
2.9470947826937124
3.70525214468533
1.6210765696722982
1.8011913102157582
2.7183772004944267
3.059288441743483
1.7361802492240868
2.689364217539193
3.031370691409837
0.11340636419151995
1.4366007223078956
2.302975005345612
2.36358146666217
-0.3816678128063158
3.494815172056544
1.1949758003537978
1.3683735853259575
2.1494871871880026
2.333333333333334
2.674821338363417
1.78498944161523
2.408749651825218
2.77611542883308
1.5042075739635106
1.487363091276265
2.7472939538551877
1.993052538854533
1.5377836144440913
2.2419228902782713
1.1597923337640363
2.6017381377195505
3.073215103987799
2.9470947826937124
3.4012679136294377
1.993052538854533
3.2796072713833713
0.9084927970775745
2.77611542883308
0.6477002934788807
2.7904907299153265
2.118441408859887
2.0872764515651614
1.2125031729769127
1.7361802492240868
1.8011913102157582
1.7361802492240868
3.2796072713833713
1.7687537838147085
3.087120422650818
1.385489458759964
2.9470947826937124
3.387827924036163
3.1701095462872804
3.2796072713833713
3.6006102499641752
3.613752775282004
1.5042075739635106
1.4704806276491214
2.071648849616487
1.334022006230878
2.2419228902782713
1.554515674132067
1.6376261582597333
1.7687537838147085
1.2648315725677897
0.7607004597948812
1.993052538854533
2.164965809277261
2.5132101744728157
1.487363091276265
1.865665062071158
0.9449494765853581
2.9470947826937124
1.993052538854533
0.5133894727892967
1.2648315725677897
3.2796072713833713
1.8173595997057168
2.378664583453631
1.5377836144440913
3.387827924036163
1.993052538854533
2.4536765057959524
1.5712107567569626
1.993052538854533
1.1244351184901502
2.1339791099815457
1.604490964442185
1.035264706814485
1.7361802492240868
2.2419228902782713
0.741998624632421
2.2419228902782713
0.9084927970775745
1.78498944161523
2.2725052695264836
1.78498944161523
1.9455215770466037
3.0033663737852017
2.9470947826937124
2.9470947826937124
1.5042075739635106
3.3338744431887513
2.36358146666217
4.408329997330664
3.252354327740621
3.885710532241612
3.360890055238478
-4.333333333333333
3.6006102499641752
3.197606188349205
0.4939754520414672
-5.129611720221511
3.0033663737852017
2.7183772004944267
1.4704806276491214
2.8334762709990358
3.031370691409837
1.5042075739635106
0.6477002934788807
2.071648849616487
1.993052538854533
2.804842561071295
0.25630994607956925
1.78498944161523
1.604490964442185
0.9084927970775745
1.035264706814485
3.197606188349205
2.2112266089934707
2.77611542883308
2.7183772004944267
3.5610742813839398
2.96119580764924
2.1494871871880026
1.2995087699672156
2.2112266089934707
0.9084927970775745
2.423751893283418
2.024583440524461
2.36358146666217
1.9296146109875911
-0.8999900970585344
2.5280286542244177
3.087120422650818
1.7687537838147085
2.1804151434503574
1.9296146109875911
3.252354327740621
3.0033663737852017
1.035264706814485
0.7979497800528961
1.865665062071158
1.993052538854533
2.040302522073697
2.393720596645176
2.5723303998882656
1.604490964442185
1.8977045635891816
1.8817010931151232
2.024583440524461
0.7979497800528961
1.2648315725677897
0.5133894727892967
1.7687537838147085
1.78498944161523
3.62687735856065
1.1949758003537978
1.604490964442185
0.29654386520610654
3.653072991634229
2.8191710368819685
2.2725052695264836
2.024583440524461
2.9470947826937124
2.689364217539193
3.059288441743483
1.2125031729769127
1.4704806276491214
2.36358146666217
1.993052538854533
1.0531889771559895
1.9296146109875911
2.102873913406629
2.9470947826937124
1.8817010931151232
1.6706182174831152
-0.2046692427559762
0.39602149066831327
1.3512178610352752
3.073215103987799
2.6456621925376407
2.3181680189762464
2.975274678557506
2.0872764515651614
2.071648849616487
2.0872764515651614
1.5712107567569626
3.087120422650818
0.7793507033930593
1.7524841245248677
2.36358146666217
2.8191710368819685
0.2158156050806106
1.4366007223078956
0.6855792342152149
2.6602540378443873
2.2419228902782713
3.1838681579949935
3.4146887169127194
1.4704806276491214
1.1949758003537978
3.428090415820634
2.333333333333334
4.420453856999636
1.993052538854533
1.7361802492240868
3.197606188349205
3.387827924036163
2.890467031624608
2.631045677955221
2.302975005345612
2.8477583761554133
3.3338744431887513
2.4536765057959524
3.731236802019037
1.7361802492240868
3.087120422650818
3.360890055238478
4.062933283224442
2.1494871871880026
2.890467031624608
1.7361802492240868
3.252354327740621
2.7472939538551877
3.387827924036163
3.2796072713833713
2.164965809277261
2.118441408859887
1.8011913102157582
3.387827924036163
1.993052538854533
2.2265890669686232
2.1804151434503574
1.7361802492240868
1.8173595997057168
-0.07538945575237843
2.393720596645176
0.1340249939385334
2.975274678557506
2.2419228902782713
2.423751893283418
2.4536765057959524
1.487363091276265
2.1494871871880026
-0.03291858560144956
1.8817010931151232
3.211323729436767
1.0710678118654755
2.2112266089934707
