0.0
0.0056
0.0112
0.0168
0.0224
0.028
0.0336
0.0392
0.0448
0.0504
0.056
0.0616
0.0672
0.0728
0.0784
0.084
0.0896
0.09519999999999999
0.1008
0.1064
0.112
0.1176
0.1232
0.1288
0.1344
0.13999999999999999
0.1456
0.1512
0.1568
0.1624
0.168
0.1736
0.1792
0.1848
0.19039999999999999
0.196
0.2016
0.2072
0.2128
0.2184
0.224
0.2296
0.2352
0.2408
0.2464
0.252
0.2576
0.2632
0.2688
0.2744
0.27999999999999997
0.2856
0.2912
0.2968
0.3024
0.308
0.3136
0.3192
0.3248
0.33039999999999997
0.336
0.3416
0.3472
0.3528
0.3584
0.364
0.3696
0.3752
0.38079999999999997
0.3864
0.392
0.3976
0.4032
0.4088
0.4144
0.42
0.4256
0.43119999999999997
0.4368
0.4424
0.448
0.4536
0.4592
0.4648
0.4704
0.476
0.4816
0.4872
0.4928
0.4984
0.504
0.5095999999999999
0.5152
0.5208
0.5264
0.532
0.5376
0.5432
0.5488
0.5544
0.5599999999999999
0.5656
0.5712
0.5768
0.5824
0.588
0.5936
0.5992
0.6048
0.6103999999999999
0.616
0.6216
0.6272
0.6328
0.6384
0.644
0.6496
0.6552
0.6607999999999999
0.6664
0.672
0.6776
0.6832
0.6888
0.6944
0.7
0.7056
0.7111999999999999
0.7168
0.7224
0.728
0.7336
0.7392
0.7448
0.7504
0.756
0.7615999999999999
0.7672
0.7728
0.7784
0.784
0.7896
0.7952
0.8008
0.8064
0.8119999999999999
0.8176
0.8232
0.8288
0.8344
0.84
0.8456
0.8512
0.8568
0.8623999999999999
0.868
0.8736
0.8792
0.8848
0.8904
0.896
0.9016
0.9072
0.9128
0.9184
0.924
0.9296
0.9352
0.9408
0.9464
0.952
0.9576
0.9632
0.9688
0.9744
0.98
0.9856
0.9912
0.9968
1.0024
1.008
1.0136
1.0191999999999999
1.0248
1.0304
1.036
1.0416
1.0472
1.0528
1.0584
1.064
1.0695999999999999
1.0752
1.0808
1.0864
1.092
1.0976
1.1032
1.1088
1.1144
1.1199999999999999
1.1256
1.1312
1.1368
1.1424
1.148
1.1536
1.1592
1.1648
1.1703999999999999
1.176
1.1816
1.1872
1.1928
1.1984
1.204
1.2096
1.2152
1.2207999999999999
1.2264
1.232
1.2376
1.2432
1.2488
1.2544
1.26
1.2656
1.2711999999999999
1.2768
1.2824
1.288
1.2936
1.2992
1.3048
1.3104
1.316
1.3215999999999999
1.3272
1.3328
1.3384
1.344
1.3496
1.3552
1.3608
1.3664
1.3719999999999999
1.3776
1.3832
1.3888
1.3944
1.4
1.4056
1.4112
1.4168
1.4223999999999999
1.428
1.4336
1.4392
1.4448
1.4504
1.456
1.4616
1.4672
1.4727999999999999
1.4784
1.484
1.4896
1.4952
1.5008
1.5064
1.512
1.5176
1.5231999999999999
1.5288
1.5344
1.54
1.5456
1.5512
1.5568
1.5624
1.568
1.5735999999999999
1.5792
1.5848
1.5904
1.596
1.6016
1.6072
1.6128
1.6184
1.6239999999999999
1.6296
1.6352
1.6408
1.6464
1.652
1.6576
1.6632
1.6688
1.6743999999999999
1.68
1.6856
1.6912
1.6968
1.7024
1.708
1.7136
1.7192
1.7247999999999999
1.7304
1.736
1.7416
1.7472
1.7528
1.7584
1.764
1.7696
1.7752
1.7808
1.7864
1.792
1.7976
1.8032
1.8088
1.8144
1.82
1.8256
1.8312
1.8368
1.8424
1.848
1.8536
1.8592
1.8648
1.8704
1.876
1.8816
1.8872
1.8928
1.8984
1.904
1.9096
1.9152
1.9208
1.9264
1.932
1.9376
1.9432
1.9488
1.9544
1.96
1.9656
1.9712
1.9768
1.9824
1.988
1.9936
1.9992
2.0048
2.0104
2.016
2.0216
2.0272
2.0328
2.0383999999999998
2.044
2.0496
2.0552
2.0608
2.0664
2.072
2.0776
2.0832
2.0888
2.0944
2.1
2.1056
2.1112
2.1168
2.1224
2.128
2.1336
2.1391999999999998
2.1448
2.1504
2.156
2.1616
2.1672
2.1728
2.1784
2.184
2.1896
2.1952
2.2008
2.2064
2.212
2.2176
2.2232
2.2288
2.2344
2.2399999999999998
2.2456
2.2512
2.2568
2.2624
2.268
2.2736
2.2792
2.2848
2.2904
2.296
2.3016
2.3072
2.3128
2.3184
2.324
2.3296
2.3352
2.3407999999999998
2.3464
2.352
2.3576
2.3632
2.3688
2.3744
2.38
2.3856
2.3912
2.3968
2.4024
2.408
2.4136
2.4192
2.4248
2.4304
2.436
2.4415999999999998
2.4472
2.4528
2.4584
2.464
2.4696
2.4752
2.4808
2.4864
2.492
2.4976
2.5032
2.5088
2.5144
2.52
2.5256
2.5312
2.5368
2.5423999999999998
2.548
2.5536
2.5592
2.5648
2.5704
2.576
2.5816
2.5872
2.5928
2.5984
2.604
2.6096
2.6152
2.6208
2.6264
2.632
2.6376
2.6431999999999998
2.6488
2.6544
2.66
2.6656
2.6712
2.6768
2.6824
2.688
2.6936
2.6992
2.7048
2.7104
2.716
2.7216
2.7272
2.7328
2.7384
2.7439999999999998
2.7496
2.7552
2.7608
2.7664
2.772
2.7776
2.7832
2.7888
2.7944
2.8
2.8056
2.8112
2.8168
2.8224
2.828
2.8336
2.8392
2.8447999999999998
2.8504
2.856
2.8616
2.8672
2.8728
2.8784
2.884
2.8896
2.8952
2.9008
2.9064
2.912
2.9175999999999997
2.9232
2.9288
2.9344
2.94
2.9455999999999998
2.9512
2.9568
2.9624
2.968
2.9736
2.9792
2.9848
2.9904
2.996
3.0016
3.0072
3.0128
3.0183999999999997
3.024
3.0296
3.0352
3.0408
3.0463999999999998
3.052
3.0576
3.0632
3.0688
3.0744
3.08
3.0856
3.0912
3.0968
3.1024
3.108
3.1136
3.1191999999999998
3.1248
3.1304
3.136
3.1416
3.1471999999999998
3.1528
3.1584
3.164
3.1696
3.1752
3.1808
3.1864
3.192
3.1976
3.2032
3.2088
3.2144
3.2199999999999998
3.2256
3.2312
3.2368
3.2424
3.2479999999999998
3.2536
3.2592
3.2648
3.2704
3.276
3.2816
3.2872
3.2928
3.2984
3.304
3.3096
3.3152
3.3207999999999998
3.3264
3.332
3.3376
3.3432
3.3487999999999998
3.3544
3.36
3.3656
3.3712
3.3768
3.3824
3.388
3.3936
3.3992
3.4048
3.4104
3.416
3.4215999999999998
3.4272
3.4328
3.4384
3.444
3.4495999999999998
3.4552
3.4608
3.4664
3.472
3.4776
3.4832
3.4888
3.4944
3.5
3.5056
3.5112
3.5168
3.5223999999999998
3.528
3.5336
3.5392
3.5448
3.5504
3.556
3.5616
3.5672
3.5728
3.5784
3.584
3.5896
3.5952
3.6008
3.6064
3.612
3.6176
3.6231999999999998
3.6288
3.6344
3.64
3.6456
3.6512
3.6568
3.6624
3.668
3.6736
3.6792
3.6848
3.6904
3.696
3.7016
3.7072
3.7128
3.7184
3.7239999999999998
3.7296
3.7352
3.7408
3.7464
3.752
3.7576
3.7632
3.7688
3.7744
3.78
3.7856
3.7912
3.7968
3.8024
3.808
3.8136
3.8192
3.8247999999999998
3.8304
3.836
3.8416
3.8472
3.8528
3.8584
3.864
3.8696
3.8752
3.8808
3.8864
3.892
3.8976
3.9032
3.9088
3.9144
3.92
3.9255999999999998
3.9312
3.9368
3.9424
3.948
3.9536
3.9592
3.9648
3.9704
3.976
3.9816
3.9872
3.9928
3.9984
4.004
4.0096
4.0152
4.0208
4.0264
4.032
4.0376
4.0432
4.0488
4.0544
4.06
4.0656
4.0712
4.0767999999999995
4.0824
4.088
4.0936
4.0992
4.1048
4.1104
4.116
4.1216
4.1272
4.1328
4.1384
4.144
4.1496
4.1552
4.1608
4.1664
4.172
4.1776
4.1832
4.1888
4.1944
4.2
4.2056
4.2112
4.2168
4.2224
4.228
4.2336
4.2392
4.2448
4.2504
4.256
4.2616
4.2672
4.2728
4.2783999999999995
4.284
4.2896
4.2952
4.3008
4.3064
4.312
4.3176
4.3232
4.3288
4.3344
4.34
4.3456
4.3511999999999995
4.3568
4.3624
4.368
4.3736
4.3792
4.3848
4.3904
4.396
4.4016
4.4072
4.4128
4.4184
4.424
4.4296
4.4352
4.4408
4.4464
4.452
4.4576
4.4632
4.4688
4.4744
4.4799999999999995
4.4856
4.4912
4.4968
4.5024
4.508
4.5136
4.5192
4.5248
4.5304
4.536
4.5416
4.5472
4.5527999999999995
4.5584
4.564
4.5696
4.5752
4.5808
4.5864
4.592
4.5976
4.6032
4.6088
4.6144
4.62
4.6256
4.6312
4.6368
4.6424
4.648
4.6536
4.6592
4.6648
4.6704
4.676
4.6815999999999995
4.6872
4.6928
4.6984
4.704
4.7096
4.7152
4.7208
4.7264
4.732
4.7376
4.7432
4.7488
4.7543999999999995
4.76
4.7656
4.7712
4.7768
4.7824
4.788
4.7936
4.7992
4.8048
4.8104
4.816
4.8216
4.8272
4.8328
4.8384
4.844
4.8496
4.8552
4.8608
4.8664
4.872
4.8776
4.8831999999999995
4.8888
4.8944
4.9
4.9056
4.9112
4.9168
4.9224
4.928
4.9336
4.9392
4.9448
4.9504
4.9559999999999995
4.9616
4.9672
4.9728
4.9784
4.984
4.9896
4.9952
5.0008
5.0064
5.012
5.0176
5.0232
5.0288
5.0344
5.04
5.0456
5.0512
5.0568
5.0624
5.068
5.0736
5.0792
5.0847999999999995
5.0904
5.096
5.1016
5.1072
5.1128
5.1184
5.124
5.1296
5.1352
5.1408
5.1464
5.152
5.1575999999999995
5.1632
5.1688
5.1744
5.18
5.1856
5.1912
5.1968
5.2024
5.208
5.2136
5.2192
5.2248
5.2304
5.236
5.2416
5.2472
5.2528
5.2584
5.264
5.2696
5.2752
5.2808
5.2863999999999995
5.292
5.2976
5.3032
5.3088
5.3144
5.32
5.3256
5.3312
5.3368
5.3424
5.348
5.3536
5.3591999999999995
5.3648
5.3704
5.376
5.3816
5.3872
5.3928
5.3984
5.404
5.4096
5.4152
5.4208
5.4264
5.432
5.4376
5.4432
5.4488
5.4544
5.46
5.4656
5.4712
5.4768
5.4824
5.4879999999999995
5.4936
5.4992
5.5048
5.5104
5.516
5.5216
5.5272
5.5328
5.5384
5.544
5.5496
5.5552
5.5607999999999995
5.5664
5.572
5.5776
5.5832
5.5888
5.5944
