3.936668140648239
5.470207346236448
5.157730481372523
5.601549879044594
5.426091000668407
4.929064207170002
4.540925533894599
4.671873729054749
4.600647969522305
5.066830958984937
5.381803659589924
4.212390968472041
4.1129979369486325
2.9470947826937124
4.335288182638248
5.612428034157407
4.286305498481017
3.808777763417888
4.012618301549564
5.688291646607798
4.212390968472041
5.470207346236448
4.905933886623096
4.1129979369486325
5.40396882889922
4.882754404760931
4.9751786069542145
4.2370884433993155
4.5289403958131444
3.974715509474418
5.0211000569202024
4.766108438479101
5.337343319109356
4.64818474594794
5.157730481372523
6.583057392117917
5.859872075893806
6.029005349444722
5.557934875480939
4.408329997330664
4.137937550497034
3.962049198956219
3.718253158075502
5.032550553574261
4.836246694508317
3.8601329718326944
4.162815962263032
5.709876691119003
6.029005349444722
4.212390968472041
4.504929097977547
3.808777763417888
4.624442944398915
3.808777763417888
5.247895426040888
4.012618301549564
5.688291646607798
5.859872075893806
6.029005349444722
5.337343319109356
5.64500152881315
4.882754404760931
5.688291646607798
4.2370884433993155
4.1129979369486325
4.359692675134351
4.4567410957446185
3.547859244962515
5.066830958984937
4.310825927787324
3.70525214468533
3.494815172056544
5.202903664008296
5.752927853573899
6.401124093721457
6.216481663818934
5.795821893425407
4.359692675134351
4.310825927787324
4.9751786069542145
4.929064207170002
4.432563627334552
4.025220721014101
3.613752775282004
5.066830958984937
4.261726477695179
4.695510244674605
4.801234497346433
4.062933283224442
3.62687735856065
5.902380714238085
2.77611542883308
5.64500152881315
5.157730481372523
6.360330811826106
6.070918387060312
5.470207346236448
5.089625691600144
5.688291646607798
4.695510244674605
5.157730481372523
5.247895426040888
5.7851130197757925
5.795821893425407
5.337343319109356
4.408329997330664
5.688291646607798
5.470207346236448
4.695510244674605
5.0211000569202024
5.77439440635329
5.426091000668407
5.688291646607798
4.766108438479101
6.029005349444722
5.202903664008296
4.929064207170002
5.57976291168818
5.514154661795958
4.9751786069542145
6.029005349444722
3.653072991634229
5.859872075893806
5.089625691600144
4.789538517199956
4.836246694508317
3.8601329718326944
4.062933283224442
5.448170424159752
4.286305498481017
6.133516482134199
3.8216417397829403
4.4567410957446185
4.012618301549564
6.133516482134199
4.600647969522305
4.882754404760931
3.2250208726598615
2.631045677955221
4.359692675134351
5.157730481372523
4.671873729054749
4.1129979369486325
3.962049198956219
5.043989178267832
4.0378073182132646
4.261726477695179
4.212390968472041
1.5377836144440913
3.547859244962515
4.9751786069542145
4.882754404760931
4.2370884433993155
1.6210765696722982
2.77611542883308
5.259115274641999
4.480862791225007
6.039497288072079
3.7571522588314785
6.5227066490508285
5.381803659589924
6.860950213885458
5.426091000668407
4.624442944398915
2.7472939538551877
3.962049198956219
4.9751786069542145
3.8601329718326944
3.8601329718326944
4.0378073182132646
3.2796072713833713
6.195793280364084
4.371873387954443
6.049980091353687
4.420453856999636
4.359692675134351
4.359692675134351
5.426091000668407
4.600647969522305
5.381803659589924
3.387827924036163
4.162815962263032
4.274023338281628
4.44465935734187
4.836246694508317
4.0378073182132646
3.1148674198151713
5.247895426040888
3.494815172056544
4.6363204695662095
4.087996667707458
4.71909463989333
3.2250208726598615
4.9751786069542145
4.286305498481017
5.547005383792516
4.408329997330664
4.1129979369486325
3.70525214468533
5.157730481372523
3.62687735856065
4.81291782634049
3.679197729505722
5.180339887498949
4.359692675134351
4.9981632993693985
5.157730481372523
4.9751786069542145
5.514154661795958
5.247895426040888
5.337343319109356
6.154310870109944
4.504929097977547
5.157730481372523
5.514154661795958
5.859872075893806
5.337343319109356
5.752927853573899
-3.8679928364438956
5.11237366564176
5.817210527297238
5.752927853573899
5.557934875480939
5.089625691600144
5.470207346236448
5.337343319109356
6.154310870109944
4.695510244674605
5.752927853573899
5.623296008491314
5.359595241046401
4.789538517199956
5.381803659589924
4.504929097977547
5.688291646607798
4.2370884433993155
4.162815962263032
4.162815962263032
4.847892314950757
4.1503843784510455
4.359692675134351
4.504929097977547
5.0211000569202024
4.70730893579076
5.795821893425407
3.494815172056544
5.381803659589924
4.012618301549564
3.9493667632618212
5.337343319109356
4.836246694508317
4.789538517199956
4.81291782634049
5.157730481372523
3.2796072713833713
6.27833766263071
3.911222085712904
4.789538517199956
4.836246694508317
5.247895426040888
4.261726477695179
5.157730481372523
3.4414730917063014
3.911222085712904
5.032550553574261
5.202903664008296
4.012618301549564
4.212390968472041
4.162815962263032
5.337343319109356
3.387827924036163
6.029005349444722
4.9751786069542145
7.075151852257623
10.430139833534437
12.402074981815602
12.402074981815602
14.943647333651406
16.512622721890533
17.936996427701576
18.43813049769197
18.766587136378693
19.726808719090812
19.80521441315865
20.03901501651518
20.03901501651518
20.500428812997107
20.347522069293714
20.424086043462758
20.424086043462758
20.03901501651518
20.500428812997107
20.424086043462758
20.84128434808114
20.145474916051125
21.0100991213556
20.500428812997107
20.67140109487382
20.424086043462758
20.878890369112106
20.347522069293714
20.97267603567085
20.40496586292477
20.3666839060588
21.028791233711427
21.25209657396597
20.538517842805945
21.066136731638625
20.385831827178034
21.25209657396597
20.347522069293714
20.95394500838702
20.808335805992673
20.878890369112106
20.52424086633496
21.038132444024424
20.67140109487382
20.72814882093295
20.500428812997107
21.25209657396597
20.95394500838702
20.95394500838702
20.709246308794235
20.80362556510487
20.462284959022817
20.747037974400836
20.509956200978113
21.028791233711427
20.878890369112106
21.270622814429245
21.11274626630453
20.72814882093295
20.95394500838702
21.289136477671292
20.84128434808114
20.991394064318975
21.047470428224088
21.39995576196385
21.066136731638625
21.028791233711427
20.991394064318975
20.95394500838702
20.82246156571847
21.122058561364042
21.326126174728312
21.028791233711427
18.82768900671469
21.122058561364042
20.84128434808114
21.028791233711427
20.72814882093295
21.066136731638625
20.424086043462758
21.103430771693088
20.538517842805945
20.500428812997107
20.95394500838702
20.652458336024754
20.270734956439938
20.519480166150096
20.69033040960223
20.44319239884671
20.44319239884671
21.103430771693088
20.519480166150096
20.95394500838702
21.103430771693088
20.72814882093295
20.40496586292477
20.347522069293714
20.347522069293714
20.95394500838702
20.500428812997107
20.5765522841683
21.103430771693088
20.95394500838702
20.462284959022817
21.103430771693088
21.140673565999826
20.80362556510487
20.67140109487382
20.95394500838702
20.84128434808114
21.17786532523045
20.95394500838702
21.17786532523045
20.991394064318975
19.485190787886005
20.347522069293714
20.538517842805945
20.462284959022817
20.347522069293714
20.428863927245313
20.878890369112106
20.519480166150096
20.80362556510487
20.991394064318975
20.80362556510487
20.462284959022817
20.80362556510487
20.519480166150096
21.066136731638625
20.44319239884671
20.500428812997107
20.270734956439938
20.95394500838702
20.652458336024754
20.80362556510487
20.97267603567085
20.193722742502853
20.5765522841683
20.652458336024754
20.95394500838702
20.462284959022817
19.775840226730523
20.95394500838702
20.72814882093295
20.813045219433654
20.424086043462758
19.8882602776243
20.69506064099242
20.76591379748021
20.652458336024754
20.652458336024754
20.652458336024754
21.066136731638625
20.15513160148328
20.82246156571847
20.347522069293714
20.82246156571847
20.82246156571847
20.500428812997107
20.077777992967597
20.500428812997107
20.519480166150096
20.077777992967597
20.00019424946862
20.270734956439938
20.193722742502853
20.077777992967597
19.251262594695394
19.509950524404704
19.19118813386855
19.410766826427547
18.167972796469904
17.85245048080792
16.093693967539995
16.04792759220492
10.854996561581054
10.854996561581054
9.578086136517788
9.675046114990243
5.11237366564176
6.401124093721457
6.27833766263071
5.557934875480939
5.0211000569202024
4.836246694508317
4.9981632993693985
4.905933886623096
6.029005349444722
6.216481663818934
5.688291646607798
4.742627257986774
5.57976291168818
5.77439440635329
4.789538517199956
4.600647969522305
3.8601329718326944
4.789538517199956
4.71909463989333
4.600647969522305
4.742627257986774
4.062933283224442
4.4567410957446185
4.9751786069542145
4.81291782634049
4.789538517199956
4.836246694508317
4.025220721014101
3.962049198956219
4.9751786069542145
4.1129979369486325
4.087996667707458
3.70525214468533
4.212390968472041
5.247895426040888
4.4567410957446185
4.5289403958131444
4.98667696380806
3.808777763417888
4.012618301549564
3.8601329718326944
5.381803659589924
4.600647969522305
4.70730893579076
4.600647969522305
5.337343319109356
4.408329997330664
4.286305498481017
5.157730481372523
5.247895426040888
6.8019095797810145
6.029005349444722
6.070918387060312
5.0211000569202024
5.337343319109356
3.8601329718326944
4.600647969522305
3.62687735856065
4.882754404760931
3.387827924036163
5.337343319109356
4.1129979369486325
5.470207346236448
4.742627257986774
4.905933886623096
4.310825927787324
4.789538517199956
4.310825927787324
4.4567410957446185
5.202903664008296
4.730867399773196
4.162815962263032
5.337343319109356
3.962049198956219
5.536065537296853
3.613752775282004
6.133516482134199
4.261726477695179
5.795821893425407
4.4567410957446185
4.882754404760931
4.432563627334552
4.420453856999636
3.679197729505722
4.81291782634049
5.337343319109356
3.808777763417888
4.70730893579076
4.929064207170002
4.212390968472041
5.426091000668407
3.808777763417888
4.695510244674605
3.679197729505722
5.381803659589924
5.078234188139946
5.601549879044594
3.5213741474939244
4.671873729054749
3.494815172056544
5.359595241046401
3.808777763417888
5.601549879044594
3.7571522588314785
4.359692675134351
4.671873729054749
5.817210527297238
5.557934875480939
5.202903664008296
4.882754404760931
5.688291646607798
4.836246694508317
5.247895426040888
5.157730481372523
5.688291646607798
6.112686395559482
6.27833766263071
4.600647969522305
5.536065537296853
4.504929097977547
6.27833766263071
5.337343319109356
5.601549879044594
5.557934875480939
5.247895426040888
3.5213741474939244
3.059288441743483
5.202903664008296
4.1129979369486325
5.247895426040888
4.81291782634049
5.902380714238085
6.360330811826106
4.671873729054749
3.197606188349205
4.480862791225007
5.514154661795958
5.557934875480939
6.683003818440877
5.514154661795958
5.94473807484985
4.359692675134351
4.9751786069542145
2.302975005345612
3.653072991634229
6.216481663818934
5.448170424159752
6.070918387060312
6.029005349444722
6.722762548624685
(-6+3.892494720807615j)
3.8601329718326944
4.504929097977547
4.261726477695179
4.408329997330664
4.754374256857796
4.504929097977547
3.7571522588314785
2.8620174641756115
4.420453856999636
4.695510244674605
4.1129979369486325
3.7442031459475924
3.885710532241612
5.2254220860554295
4.310825927787324
5.0211000569202024
5.11237366564176
4.600647969522305
4.310825927787324
5.470207346236448
5.381803659589924
5.426091000668407
3.70525214468533
4.695510244674605
4.212390968472041
5.94473807484985
4.062933283224442
5.470207346236448
3.1701095462872804
4.359692675134351
4.137937550497034
4.789538517199956
4.789538517199956
4.335288182638248
5.752927853573899
4.44465935734187
5.157730481372523
3.4681816969502997
3.808777763417888
4.212390968472041
4.742627257986774
4.4567410957446185
4.480862791225007
4.408329997330664
5.337343319109356
4.882754404760931
5.381803659589924
5.731422020635975
4.359692675134351
4.1129979369486325
3.2250208726598615
4.929064207170002
4.4567410957446185
4.600647969522305
5.089625691600144
3.653072991634229
4.624442944398915
5.066830958984937
3.4414730917063014
4.600647969522305
3.4414730917063014
5.381803659589924
3.808777763417888
5.157730481372523
4.224747162910903
3.6006102499641752
4.695510244674605
3.911222085712904
5.348474733984247
4.789538517199956
5.7851130197757925
4.012618301549564
6.880570286640685
4.695510244674605
6.27833766263071
6.049980091353687
5.157730481372523
5.11237366564176
5.089625691600144
5.601549879044594
5.337343319109356
6.112686395559482
3.834488889473196
5.337343319109356
4.742627257986774
4.742627257986774
(-6+5.7075176369204135j)
4.335288182638248
5.247895426040888
5.514154661795958
6.441783626071457
5.066830958984937
6.070918387060312
3.8216417397829403
3.962049198956219
4.81291782634049
3.962049198956219
5.1690409054437065
4.012618301549564
3.9873657561678773
4.9981632993693985
5.0211000569202024
4.9751786069542145
3.70525214468533
4.742627257986774
3.808777763417888
4.9981632993693985
4.012618301549564
6.154310870109944
4.012618301549564
4.929064207170002
3.834488889473196
5.426091000668407
4.552897060221728
3.911222085712904
4.600647969522305
4.9751786069542145
5.2815214963553245
4.64818474594794
4.432563627334552
4.624442944398915
4.162815962263032
4.286305498481017
4.789538517199956
4.81291782634049
4.310825927787324
4.695510244674605
4.212390968472041
4.81291782634049
3.8473192783466192
4.882754404760931
4.1129979369486325
5.247895426040888
4.310825927787324
5.247895426040888
4.789538517199956
5.381803659589924
3.4681816969502997
4.81291782634049
5.337343319109356
6.195793280364084
5.817210527297238
6.27833766263071
6.029005349444722
6.27833766263071
4.836246694508317
4.695510244674605
3.62687735856065
5.089625691600144
3.70525214468533
5.214168527250505
4.929064207170002
5.066830958984937
3.653072991634229
4.929064207170002
3.547859244962515
5.337343319109356
4.695510244674605
4.695510244674605
4.012618301549564
5.2254220860554295
4.905933886623096
5.089625691600144
4.1129979369486325
4.64818474594794
4.624442944398915
5.202903664008296
3.2796072713833713
5.348474733984247
3.6006102499641752
4.789538517199956
3.9239532689774634
5.066830958984937
4.917505172516256
4.432563627334552
3.808777763417888
4.600647969522305
4.9751786069542145
5.0211000569202024
4.012618301549564
3.494815172056544
3.731236802019037
5.448170424159752
5.492202011394818
4.789538517199956
3.387827924036163
4.261726477695179
5.202903664008296
6.603110085942433
5.337343319109356
5.11237366564176
4.600647969522305
6.112686395559482
5.64500152881315
5.64500152881315
5.688291646607798
5.381803659589924
5.426091000668407
6.5227066490508285
5.11237366564176
6.029005349444722
3.962049198956219
5.688291646607798
4.4567410957446185
4.789538517199956
5.337343319109356
5.817210527297238
4.600647969522305
5.859872075893806
5.0211000569202024
5.180339887498949
3.885710532241612
4.175232357806555
4.062933283224442
5.859872075893806
5.536065537296853
4.9751786069542145
4.310825927787324
4.600647969522305
3.70525214468533
4.9751786069542145
4.212390968472041
4.4567410957446185
3.8601329718326944
4.671873729054749
5.157730481372523
5.157730481372523
4.600647969522305
4.789538517199956
4.1129979369486325
5.135075167680682
4.624442944398915
4.274023338281628
4.81291782634049
4.600647969522305
3.962049198956219
5.247895426040888
3.834488889473196
5.157730481372523
5.337343319109356
6.841300163884881
6.441783626071457
6.9197210464929135
5.77439440635329
5.557934875480939
4.359692675134351
5.202903664008296
3.70525214468533
4.742627257986774
4.600647969522305
4.2370884433993155
4.212390968472041
4.600647969522305
4.882754404760931
4.9751786069542145
5.157730481372523
4.695510244674605
4.671873729054749
4.789538517199956
4.9751786069542145
4.9751786069542145
3.2796072713833713
5.547005383792516
3.1701095462872804
5.337343319109356
4.408329997330664
3.885710532241612
5.0211000569202024
5.381803659589924
5.157730481372523
5.381803659589924
4.824588545146517
4.600647969522305
4.432563627334552
3.731236802019037
4.64818474594794
5.157730481372523
3.885710532241612
4.695510244674605
4.600647969522305
5.77439440635329
4.882754404760931
4.789538517199956
3.834488889473196
4.9981632993693985
5.448170424159752
5.0211000569202024
5.514154661795958
4.261726477695179
5.337343319109356
3.4146887169127194
4.624442944398915
4.882754404760931
3.885710532241612
5.066830958984937
3.962049198956219
5.247895426040888
4.310825927787324
5.337343319109356
4.836246694508317
5.688291646607798
4.64818474594794
5.859872075893806
5.337343319109356
6.029005349444722
4.4567410957446185
6.029005349444722
6.029005349444722
6.195793280364084
4.929064207170002
5.623296008491314
5.64500152881315
6.216481663818934
5.859872075893806
5.77439440635329
4.504929097977547
5.817210527297238
5.180339887498949
5.426091000668407
(-6+5.504818825631803j)
6.5227066490508285
4.323064301148985
6.029005349444722
5.470207346236448
5.623296008491314
4.600647969522305
4.600647969522305
3.653072991634229
3.911222085712904
4.789538517199956
4.012618301549564
4.408329997330664
4.408329997330664
5.381803659589924
4.504929097977547
4.408329997330664
5.157730481372523
4.4567410957446185
5.514154661795958
4.695510244674605
4.261726477695179
4.600647969522305
5.043989178267832
3.2796072713833713
5.0211000569202024
4.212390968472041
4.1129979369486325
4.600647969522305
4.261726477695179
4.359692675134351
4.600647969522305
4.44465935734187
5.601549879044594
3.1701095462872804
4.012618301549564
4.695510244674605
4.789538517199956
4.408329997330664
5.381803659589924
3.1148674198151713
4.882754404760931
4.0378073182132646
5.180339887498949
4.212390968472041
5.601549879044594
4.504929097977547
5.337343319109356
4.249414863810765
4.600647969522305
4.062933283224442
4.600647969522305
4.695510244674605
5.1690409054437065
4.408329997330664
5.77439440635329
3.911222085712904
5.066830958984937
5.247895426040888
5.381803659589924
4.600647969522305
4.310825927787324
3.1148674198151713
5.337343319109356
4.695510244674605
4.012618301549564
4.359692675134351
4.310825927787324
4.600647969522305
3.885710532241612
4.742627257986774
5.089625691600144
3.574271077563381
4.600647969522305
4.261726477695179
4.789538517199956
3.962049198956219
5.157730481372523
