3.1701095462872804
2.024583440524461
4.859525446781408
5.337343319109356
4.600647969522305
3.808777763417888
6.401124093721457
6.029005349444722
5.688291646607798
6.070918387060312
4.71909463989333
4.504929097977547
3.494815172056544
4.695510244674605
3.7571522588314785
3.387827924036163
4.012618301549564
4.624442944398915
4.882754404760931
4.310825927787324
4.323064301148985
3.6006102499641752
4.261726477695179
5.859872075893806
4.6363204695662095
5.923578203363167
3.808777763417888
5.881145406130512
3.8601329718326944
5.157730481372523
4.600647969522305
3.808777763417888
3.5081039331740804
2.8334762709990358
4.882754404760931
5.337343319109356
5.817210527297238
5.601549879044594
5.688291646607798
6.3194024517294185
4.836246694508317
5.247895426040888
4.859525446781408
4.0378073182132646
4.261726477695179
4.789538517199956
4.4567410957446185
4.212390968472041
4.012618301549564
5.337343319109356
4.9751786069542145
3.808777763417888
5.1690409054437065
4.408329997330664
6.841300163884881
5.426091000668407
6.8019095797810145
5.902380714238085
5.709876691119003
4.310825927787324
5.77439440635329
5.557934875480939
6.112686395559482
4.789538517199956
5.426091000668407
5.0211000569202024
6.029005349444722
5.623296008491314
5.688291646607798
3.2796072713833713
5.337343319109356
4.695510244674605
5.859872075893806
5.337343319109356
6.029005349444722
3.6006102499641752
4.9751786069542145
3.197606188349205
5.247895426040888
3.1425302069973284
4.212390968472041
3.9873657561678773
4.600647969522305
4.212390968472041
5.514154661795958
4.4567410957446185
3.4146887169127194
4.408329997330664
4.882754404760931
4.310825927787324
4.612552125962097
3.547859244962515
4.64818474594794
5.202903664008296
4.408329997330664
2.423751893283418
3.6006102499641752
4.600647969522305
2.9470947826937124
4.9751786069542145
4.836246694508317
4.025220721014101
4.600647969522305
4.432563627334552
4.695510244674605
4.504929097977547
4.695510244674605
3.808777763417888
3.073215103987799
5.202903664008296
4.801234497346433
5.337343319109356
4.162815962263032
1.9296146109875911
4.71909463989333
5.94473807484985
5.752927853573899
5.247895426040888
5.270323953649337
4.64818474594794
6.27833766263071
6.029005349444722
4.212390968472041
4.408329997330664
3.387827924036163
4.062933283224442
4.882754404760931
4.600647969522305
4.335288182638248
4.212390968472041
4.600647969522305
5.514154661795958
3.1425302069973284
2.7183772004944267
4.480862791225007
2.8334762709990358
4.504929097977547
3.70525214468533
5.337343319109356
3.911222085712904
4.162815962263032
3.547859244962515
4.64818474594794
2.890467031624608
5.0211000569202024
3.1701095462872804
3.911222085712904
5.1690409054437065
4.917505172516256
5.688291646607798
5.0211000569202024
3.8601329718326944
4.310825927787324
4.695510244674605
3.8601329718326944
4.695510244674605
2.9470947826937124
4.125475422184014
4.162815962263032
4.137937550497034
4.742627257986774
5.0211000569202024
4.432563627334552
3.70525214468533
4.600647969522305
3.2250208726598615
3.059288441743483
4.359692675134351
5.688291646607798
5.337343319109356
6.133516482134199
5.066830958984937
6.039497288072079
4.2370884433993155
5.337343319109356
5.688291646607798
5.688291646607798
5.426091000668407
5.557934875480939
5.731422020635975
5.514154661795958
5.270323953649337
6.029005349444722
4.310825927787324
5.066830958984937
5.180339887498949
5.514154661795958
5.731422020635975
6.029005349444722
5.157730481372523
5.157730481372523
3.679197729505722
5.157730481372523
3.962049198956219
3.911222085712904
4.859525446781408
3.679197729505722
5.202903664008296
4.408329997330664
4.600647969522305
3.087120422650818
4.64818474594794
5.514154661795958
7.493357887149777
7.67922556730505
8.486148033500308
9.545631755148026
11.152023763740512
10.322197812002567
11.957581893861644
16.835600418308395
16.36632569852557
16.546248764114473
16.478946378845926
16.835600418308395
17.425144049447674
17.532698077098573
17.810064928915924
18.888640871780133
19.450486689398947
19.410766826427547
18.766587136378693
19.726808719090812
19.726808719090812
20.077777992967597
20.03901501651518
20.80362556510487
20.077777992967597
20.193722742502853
20.84128434808114
20.66193139775485
20.557541872376486
20.40496586292477
20.500428812997107
19.92237830465594
20.72814882093295
20.59554910738322
21.289136477671292
20.69033040960223
20.95394500838702
20.193722742502853
20.509956200978113
20.3666839060588
20.80362556510487
20.95394500838702
20.878890369112106
20.347522069293714
21.103430771693088
20.557541872376486
20.652458336024754
20.424086043462758
20.232257110879978
20.80362556510487
20.652458336024754
20.652458336024754
21.066136731638625
20.424086043462758
20.652458336024754
21.140673565999826
20.500428812997107
20.69033040960223
20.878890369112106
21.17786532523045
20.652458336024754
20.991394064318975
20.652458336024754
20.80362556510487
20.72814882093295
21.047470428224088
20.878890369112106
20.67140109487382
20.76591379748021
20.72814882093295
20.709246308794235
20.76591379748021
20.82246156571847
20.652458336024754
20.95394500838702
20.652458336024754
20.652458336024754
20.97267603567085
20.5765522841683
20.95394500838702
20.95394500838702
20.80362556510487
21.36306586874676
21.25209657396597
21.103430771693088
20.76591379748021
20.97267603567085
20.69033040960223
21.17786532523045
20.72814882093295
21.140673565999826
21.103430771693088
21.39995576196385
21.25209657396597
20.72814882093295
20.509956200978113
20.991394064318975
21.103430771693088
20.500428812997107
21.140673565999826
20.878890369112106
21.25209657396597
20.95394500838702
20.95394500838702
20.652458336024754
20.80362556510487
20.652458336024754
20.878890369112106
20.5765522841683
20.72814882093295
20.270734956439938
20.813045219433654
20.462284959022817
20.72814882093295
20.212997007614604
20.69033040960223
19.961315432579664
20.347522069293714
20.72814882093295
20.135814662657985
20.95394500838702
20.69033040960223
20.193722742502853
20.5765522841683
20.500428812997107
20.652458336024754
20.077777992967597
20.652458336024754
20.347522069293714
20.5765522841683
19.80521441315865
20.59554910738322
18.56181646952905
18.766587136378693
18.43813049769197
17.85245048080792
16.90185471735749
18.10519873514023
17.273733406281572
18.126141570311386
16.76915333152165
15.840792156426058
14.081903004516985
13.828812828352035
14.749832663314557
13.41700806046601
13.194643613111015
13.26031141907098
13.993685871981555
10.55264024226646
10.560266430297077
10.583123951777
10.70450250801873
10.21353717973928
9.150757556817236
10.368545840400515
9.675046114990243
9.41513096364292
8.676649495168862
8.983155525287373
8.847711791873705
8.468705344412621
8.328399432701138
8.328399432701138
8.328399432701138
7.152178449967822
7.651506743346552
6.623130924752161
6.762397418933007
6.401124093721457
5.536065537296853
6.049980091353687
6.411301464407513
5.470207346236448
6.195793280364084
5.157730481372523
5.348474733984247
5.202903664008296
6.401124093721457
6.070918387060312
5.536065537296853
4.261726477695179
4.600647969522305
6.070918387060312
4.384039812533599
5.202903664008296
4.789538517199956
4.335288182638248
3.962049198956219
4.504929097977547
3.7571522588314785
5.514154661795958
4.504929097977547
3.8601329718326944
5.157730481372523
4.882754404760931
5.470207346236448
5.0211000569202024
5.709876691119003
5.270323953649337
6.482310715892343
5.247895426040888
6.070918387060312
4.261726477695179
5.514154661795958
5.202903664008296
5.157730481372523
5.381803659589924
4.408329997330664
4.420453856999636
5.752927853573899
5.470207346236448
4.9751786069542145
5.2254220860554295
4.789538517199956
4.929064207170002
5.514154661795958
(-6+6.356417261637282j)
5.066830958984937
3.387827924036163
5.688291646607798
1.7687537838147085
4.504929097977547
4.323064301148985
5.557934875480939
3.9873657561678773
2.9470947826937124
3.2250208726598615
5.337343319109356
4.9751786069542145
4.162815962263032
3.494815172056544
5.337343319109356
4.408329997330664
4.600647969522305
3.6006102499641752
3.059288441743483
4.64818474594794
5.157730481372523
3.885710532241612
5.157730481372523
1.865665062071158
5.731422020635975
3.911222085712904
4.695510244674605
4.882754404760931
4.894350310453062
4.408329997330664
4.261726477695179
5.381803659589924
4.371873387954443
5.337343319109356
3.653072991634229
4.323064301148985
4.2370884433993155
4.286305498481017
5.202903664008296
3.911222085712904
4.742627257986774
4.9751786069542145
4.789538517199956
4.212390968472041
4.310825927787324
4.1129979369486325
4.384039812533599
5.247895426040888
3.6006102499641752
5.043989178267832
3.2796072713833713
5.623296008491314
4.600647969522305
4.742627257986774
3.494815172056544
4.789538517199956
3.6006102499641752
5.348474733984247
4.9751786069542145
4.1129979369486325
5.514154661795958
3.1148674198151713
5.0211000569202024
3.4146887169127194
5.470207346236448
4.359692675134351
4.789538517199956
4.408329997330664
4.408329997330664
4.836246694508317
5.337343319109356
4.1129979369486325
3.808777763417888
4.1129979369486325
5.381803659589924
3.8216417397829403
5.157730481372523
3.5081039331740804
4.882754404760931
4.286305498481017
4.894350310453062
4.5289403958131444
4.359692675134351
3.4414730917063014
3.6006102499641752
3.936668140648239
5.11237366564176
5.043989178267832
5.11237366564176
4.836246694508317
4.600647969522305
5.157730481372523
5.601549879044594
5.066830958984937
5.337343319109356
5.066830958984937
5.601549879044594
5.601549879044594
5.426091000668407
4.504929097977547
5.381803659589924
5.337343319109356
6.762397418933007
5.247895426040888
5.066830958984937
4.81291782634049
5.426091000668407
6.216481663818934
6.112686395559482
4.600647969522305
4.81291782634049
5.0211000569202024
5.157730481372523
3.9873657561678773
5.902380714238085
4.600647969522305
3.911222085712904
4.408329997330664
5.752927853573899
4.4567410957446185
5.337343319109356
3.494815172056544
4.1129979369486325
4.600647969522305
4.600647969522305
4.480862791225007
3.8601329718326944
3.62687735856065
5.180339887498949
4.81291782634049
3.718253158075502
4.335288182638248
3.0033663737852017
2.8334762709990358
4.9751786069542145
4.335288182638248
5.11237366564176
5.043989178267832
4.929064207170002
4.9751786069542145
4.742627257986774
5.089625691600144
4.359692675134351
4.261726477695179
4.212390968472041
4.310825927787324
4.742627257986774
4.408329997330664
4.212390968472041
4.408329997330664
4.516941599441381
4.4567410957446185
5.902380714238085
4.087996667707458
4.261726477695179
3.62687735856065
4.504929097977547
4.44465935734187
5.337343319109356
4.224747162910903
5.94473807484985
6.5227066490508285
6.841300163884881
4.695510244674605
5.870513506545995
5.066830958984937
5.381803659589924
5.337343319109356
5.0211000569202024
5.247895426040888
3.2250208726598615
4.882754404760931
4.408329997330664
4.408329997330664
5.043989178267832
4.012618301549564
4.408329997330664
4.600647969522305
4.012618301549564
4.71909463989333
3.62687735856065
4.836246694508317
4.9751786069542145
4.9751786069542145
3.1287092917527684
5.337343319109356
3.5213741474939244
5.601549879044594
4.012618301549564
4.162815962263032
4.408329997330664
4.408329997330664
3.8601329718326944
4.310825927787324
4.71909463989333
4.600647969522305
4.432563627334552
4.742627257986774
5.557934875480939
6.9197210464929135
6.542855828049383
6.683003818440877
5.859872075893806
4.286305498481017
4.137937550497034
5.601549879044594
5.078234188139946
3.808777763417888
5.270323953649337
5.514154661795958
6.3194024517294185
4.2370884433993155
5.881145406130512
4.742627257986774
5.902380714238085
3.911222085712904
6.112686395559482
5.492202011394818
5.270323953649337
4.4567410957446185
4.742627257986774
5.536065537296853
5.426091000668407
5.337343319109356
5.247895426040888
5.381803659589924
5.601549879044594
(-6+6.175055718883283j)
5.94473807484985
4.742627257986774
5.089625691600144
4.98667696380806
4.600647969522305
4.162815962263032
4.212390968472041
2.055990932156634
4.600647969522305
4.408329997330664
3.808777763417888
5.426091000668407
3.387827924036163
5.470207346236448
4.516941599441381
4.600647969522305
5.247895426040888
5.426091000668407
4.212390968472041
3.808777763417888
5.688291646607798
4.137937550497034
4.789538517199956
4.408329997330664
4.789538517199956
4.789538517199956
4.137937550497034
5.270323953649337
2.8477583761554133
4.624442944398915
4.789538517199956
5.157730481372523
4.137937550497034
4.2370884433993155
3.547859244962515
4.929064207170002
4.600647969522305
4.789538517199956
4.408329997330664
4.600647969522305
4.087996667707458
3.885710532241612
4.789538517199956
5.337343319109356
4.1129979369486325
4.087996667707458
3.5213741474939244
5.731422020635975
4.261726477695179
4.882754404760931
3.2796072713833713
