2.6017381377195505
4.600647969522305
4.137937550497034
4.9751786069542145
3.8601329718326944
4.504929097977547
5.247895426040888
4.261726477695179
2.8620174641756115
2.9470947826937124
2.6602540378443873
4.062933283224442
1.833494518006403
3.3338744431887513
4.012618301549564
3.3338744431887513
3.059288441743483
3.547859244962515
3.1701095462872804
2.4834955631329816
3.3338744431887513
3.1148674198151713
3.387827924036163
1.993052538854533
2.631045677955221
4.504929097977547
3.70525214468533
4.012618301549564
3.6006102499641752
4.025220721014101
3.666144186507019
2.408749651825218
2.5132101744728157
3.1148674198151713
2.1804151434503574
2.055990932156634
3.0033663737852017
1.4704806276491214
3.911222085712904
1.4704806276491214
3.653072991634229
2.8334762709990358
4.359692675134351
3.4414730917063014
4.4567410957446185
-0.3816678128063158
3.1701095462872804
3.808777763417888
3.70525214468533
3.62687735856065
0.7793507033930593
2.4834955631329816
4.1129979369486325
4.012618301549564
4.2370884433993155
3.197606188349205
2.2112266089934707
3.494815172056544
3.834488889473196
3.7571522588314785
4.789538517199956
1.8011913102157582
4.212390968472041
3.574271077563381
3.1701095462872804
3.387827924036163
4.600647969522305
4.789538517199956
5.270323953649337
4.742627257986774
4.9751786069542145
5.0211000569202024
4.600647969522305
2.804842561071295
2.36358146666217
3.1425302069973284
2.7183772004944267
3.1701095462872804
1.4704806276491214
4.408329997330664
2.8334762709990358
4.600647969522305
2.36358146666217
2.8334762709990358
3.2250208726598615
4.359692675134351
3.2796072713833713
2.77611542883308
2.423751893283418
4.310825927787324
4.882754404760931
4.408329997330664
4.261726477695179
5.2254220860554295
3.387827924036163
3.885710532241612
3.653072991634229
5.426091000668407
4.062933283224442
3.808777763417888
4.1129979369486325
3.834488889473196
3.8601329718326944
4.162815962263032
2.2419228902782713
3.679197729505722
3.653072991634229
5.11237366564176
4.789538517199956
4.905933886623096
2.5723303998882656
5.157730481372523
2.5428214297033023
3.808777763417888
3.4146887169127194
3.911222085712904
2.9470947826937124
4.64818474594794
2.393720596645176
3.653072991634229
2.7183772004944267
3.494815172056544
2.5132101744728157
4.012618301549564
3.5081039331740804
4.9751786069542145
0.9449494765853581
2.8334762709990358
2.36358146666217
4.612552125962097
3.9493667632618212
4.600647969522305
2.2419228902782713
3.962049198956219
3.1148674198151713
3.834488889473196
2.689364217539193
3.211323729436767
2.302975005345612
3.4414730917063014
3.0033663737852017
2.302975005345612
2.975274678557506
2.2419228902782713
2.36358146666217
4.062933283224442
3.4414730917063014
3.911222085712904
2.36358146666217
3.3338744431887513
3.4414730917063014
4.162815962263032
3.4012679136294377
3.0033663737852017
3.031370691409837
3.2796072713833713
3.494815172056544
4.2370884433993155
3.087120422650818
3.718253158075502
2.9470947826937124
4.310825927787324
3.0033663737852017
4.600647969522305
1.865665062071158
4.012618301549564
3.8601329718326944
2.8620174641756115
3.1148674198151713
4.4567410957446185
2.2419228902782713
4.742627257986774
3.8601329718326944
3.5081039331740804
3.387827924036163
3.962049198956219
3.059288441743483
4.137937550497034
3.0033663737852017
4.81291782634049
3.3338744431887513
4.612552125962097
3.0033663737852017
5.066830958984937
4.212390968472041
4.504929097977547
2.8620174641756115
4.012618301549564
4.310825927787324
5.157730481372523
3.808777763417888
4.9751786069542145
3.2796072713833713
4.359692675134351
2.1804151434503574
5.247895426040888
4.504929097977547
3.7571522588314785
4.480862791225007
4.212390968472041
4.695510244674605
4.408329997330664
4.600647969522305
4.695510244674605
4.882754404760931
6.257753678897503
6.683003818440877
6.237135071064419
5.64500152881315
5.902380714238085
4.9981632993693985
6.360330811826106
6.5629726907401515
5.359595241046401
7.152178449967822
7.152178449967822
7.642254619787417
-3.5900039817292626
7.752869305763586
7.530735681433146
7.474630108676697
7.898986228564233
8.779524465771672
7.304893912399379
7.605183207182845
7.304893912399379
9.545631755148026
8.607663686703578
8.363604398378957
9.994001400777757
9.930721226230744
7.716096862129298
10.05703219241597
10.9148192751537
9.962392671463128
11.559422921421234
11.731157305543803
13.102329436458525
11.645499039801521
12.125544227287456
10.884934412102705
12.291964344923691
12.291964344923691
11.32779631841641
12.041758520306455
12.041758520306455
11.100416440082459
12.125544227287456
12.402074981815602
13.468960014351154
12.097658758117099
13.468960014351154
12.755470582410798
13.312684898268238
13.049377624447153
13.26031141907098
14.967748201618235
13.726667588353948
14.871177748418049
13.828812828352035
14.895362203516875
13.993685871981555
14.62777376512188
14.871177748418049
14.578747495531609
14.67668378936169
14.895362203516875
14.871177748418049
14.774158384051486
15.254827140385707
14.591015006305518
15.491130423239419
15.207250523051659
15.183422144152576
14.895362203516875
15.159566931467968
14.871177748418049
14.480342879074183
14.3069874027079
15.39692227467032
15.817655717562808
15.467617144401146
15.514618004482159
16.184943479119283
13.636854651548976
15.254827140385707
16.13936573507731
15.666666666666668
15.349662311336001
15.72486356619293
14.43096283644612
14.919518699680033
14.554190508865766
15.159566931467968
15.444078083435645
14.919518699680033
14.88327347690278
15.063875917951776
15.254827140385707
15.349662311336001
15.111775640790395
14.67668378936169
15.159566931467968
14.43714186663017
14.480342879074183
14.774158384051486
13.181483074290501
14.480342879074183
13.598237397554637
14.871177748418049
14.406228005541383
14.480342879074183
14.43096283644612
14.701095467036367
14.480342879074183
14.701095467036367
13.41700806046601
14.713290516970115
13.828812828352035
13.572450231915475
14.3069874027079
14.081903004516985
14.081903004516985
13.155134870817065
13.879688634433393
13.312684898268238
14.207259421636902
13.443001389453816
13.286515936521479
12.782379449307744
13.26031141907098
12.347102267556085
12.566016527434467
11.957581893861644
12.456883963891784
12.181186857726193
12.319554050414563
12.013743350424129
11.0930312458533
10.809989814861805
10.437822854685479
11.181444066259978
10.674240703261514
10.182357271692123
8.957853246284166
9.291775038836526
9.480518875233628
8.915587399587974
8.915587399587974
7.3805980449456765
6.683003818440877
8.007573708966204
8.745312557699226
8.915587399587974
5.817210527297238
8.607663686703578
7.228756555322953
8.898647487933157
6.8019095797810145
5.94473807484985
6.27833766263071
5.40396882889922
5.69908914696725
5.94473807484985
6.112686395559482
4.882754404760931
6.070918387060312
5.568854041709743
5.514154661795958
4.859525446781408
5.77439440635329
3.70525214468533
6.029005349444722
5.688291646607798
4.600647969522305
4.789538517199956
4.789538517199956
3.387827924036163
4.882754404760931
4.600647969522305
5.77439440635329
4.4567410957446185
2.975274678557506
2.689364217539193
4.9751786069542145
3.2796072713833713
4.4567410957446185
2.8334762709990358
3.547859244962515
4.0754727688159385
3.087120422650818
2.77611542883308
3.4681816969502997
2.4834955631329816
4.212390968472041
3.2796072713833713
4.062933283224442
2.7472939538551877
3.1701095462872804
2.8334762709990358
4.504929097977547
2.9470947826937124
4.742627257986774
3.62687735856065
3.031370691409837
4.1129979369486325
3.387827924036163
4.0378073182132646
2.1494871871880026
2.5428214297033023
3.3338744431887513
4.0378073182132646
2.77611542883308
4.359692675134351
2.4834955631329816
2.9470947826937124
4.137937550497034
2.1494871871880026
4.600647969522305
3.1701095462872804
3.2250208726598615
2.393720596645176
3.679197729505722
2.9470947826937124
2.055990932156634
1.865665062071158
2.423751893283418
3.962049198956219
3.1425302069973284
4.504929097977547
2.975274678557506
3.2796072713833713
3.4414730917063014
3.731236802019037
3.6006102499641752
3.6006102499641752
3.494815172056544
5.066830958984937
4.4567410957446185
4.408329997330664
3.808777763417888
3.2250208726598615
4.64818474594794
4.9751786069542145
3.70525214468533
5.066830958984937
4.71909463989333
4.695510244674605
4.4567410957446185
1.0531889771559895
4.162815962263032
4.882754404760931
3.679197729505722
3.653072991634229
(-6+5.7075176369204135j)
4.905933886623096
4.420453856999636
4.504929097977547
3.2796072713833713
4.359692675134351
3.834488889473196
3.731236802019037
3.2386977087431195
2.5428214297033023
3.547859244962515
2.302975005345612
2.9470947826937124
3.62687735856065
3.387827924036163
4.1129979369486325
2.616404368553292
3.6006102499641752
3.547859244962515
3.4414730917063014
3.0033663737852017
3.6006102499641752
4.9751786069542145
3.834488889473196
4.882754404760931
1.6210765696722982
4.600647969522305
0.9084927970775745
4.335288182638248
3.0033663737852017
1.2299880548122122
1.8977045635891816
3.4414730917063014
2.6017381377195505
4.212390968472041
3.547859244962515
2.423751893283418
3.494815172056544
4.012618301549564
3.3338744431887513
3.911222085712904
3.2386977087431195
2.9470947826937124
3.059288441743483
4.212390968472041
2.6602540378443873
3.387827924036163
3.6006102499641752
4.162815962263032
2.9470947826937124
2.77611542883308
2.77611542883308
2.3181680189762464
2.5723303998882656
2.9893314995098947
4.137937550497034
0.29654386520610654
3.70525214468533
1.1244351184901502
3.1701095462872804
3.547859244962515
3.6006102499641752
3.547859244962515
1.9296146109875911
3.679197729505722
4.2370884433993155
3.387827924036163
4.261726477695179
4.012618301549564
3.653072991634229
2.4834955631329816
4.310825927787324
1.1949758003537978
4.504929097977547
3.2796072713833713
3.1701095462872804
2.4834955631329816
3.718253158075502
3.0033663737852017
4.012618301549564
2.7472939538551877
4.801234497346433
3.4414730917063014
4.162815962263032
3.1701095462872804
2.6017381377195505
2.423751893283418
4.624442944398915
3.0033663737852017
4.012618301549564
2.5280286542244177
3.547859244962515
3.0033663737852017
4.504929097977547
1.993052538854533
3.6399840730829496
2.5280286542244177
3.4414730917063014
4.480862791225007
5.157730481372523
3.1701095462872804
3.252354327740621
4.882754404760931
4.882754404760931
5.817210527297238
4.504929097977547
4.137937550497034
3.387827924036163
4.64818474594794
4.5289403958131444
4.359692675134351
4.212390968472041
4.432563627334552
2.8334762709990358
4.212390968472041
5.40396882889922
4.882754404760931
4.64818474594794
4.212390968472041
4.9751786069542145
3.8216417397829403
2.9470947826937124
4.359692675134351
2.9470947826937124
3.653072991634229
4.310825927787324
3.4146887169127194
3.387827924036163
4.012618301549564
3.0173794038584916
3.387827924036163
3.5213741474939244
3.059288441743483
2.9470947826937124
2.9470947826937124
3.1148674198151713
3.059288441743483
3.936668140648239
4.1129979369486325
2.6017381377195505
3.1701095462872804
3.1838681579949935
4.1129979369486325
4.0378073182132646
3.3338744431887513
2.7328475460542805
3.911222085712904
3.059288441743483
3.3338744431887513
2.77611542883308
3.1701095462872804
3.547859244962515
2.024583440524461
2.77611542883308
4.600647969522305
3.547859244962515
2.8334762709990358
2.8477583761554133
3.70525214468533
3.1838681579949935
4.212390968472041
3.808777763417888
3.1148674198151713
2.8620174641756115
3.6006102499641752
2.5723303998882656
2.8334762709990358
3.4414730917063014
4.162815962263032
3.360890055238478
3.059288441743483
3.0033663737852017
3.547859244962515
3.731236802019037
3.494815172056544
3.1287092917527684
3.962049198956219
2.876253645985946
1.4025657577612778
3.4414730917063014
3.1425302069973284
4.212390968472041
4.087996667707458
3.70525214468533
2.8334762709990358
2.77611542883308
3.387827924036163
4.025220721014101
2.8620174641756115
4.012618301549564
2.7183772004944267
3.494815172056544
3.1148674198151713
3.2250208726598615
3.059288441743483
4.600647969522305
3.2796072713833713
4.624442944398915
4.408329997330664
2.5723303998882656
3.4414730917063014
3.494815172056544
3.70525214468533
3.911222085712904
2.6017381377195505
1.8011913102157582
4.359692675134351
2.9470947826937124
3.70525214468533
4.789538517199956
3.6006102499641752
2.9470947826937124
3.5213741474939244
3.808777763417888
4.310825927787324
3.62687735856065
5.259115274641999
4.600647969522305
5.066830958984937
4.310825927787324
5.089625691600144
3.494815172056544
4.695510244674605
4.5289403958131444
5.247895426040888
4.600647969522305
3.834488889473196
4.310825927787324
4.789538517199956
4.137937550497034
3.70525214468533
2.9470947826937124
4.432563627334552
4.261726477695179
4.600647969522305
4.695510244674605
1.5712107567569626
5.247895426040888
1.993052538854533
3.936668140648239
4.162815962263032
4.695510244674605
2.393720596645176
0.5327457991848785
3.1701095462872804
3.808777763417888
