2.5428214297033023
2.77611542883308
3.3338744431887513
4.1129979369486325
3.613752775282004
4.432563627334552
-0.11816698673282655
3.387827924036163
1.1421356056925314
3.547859244962515
0.9084927970775745
4.384039812533599
3.9873657561678773
4.516941599441381
4.408329997330664
3.1148674198151713
3.1148674198151713
4.162815962263032
(-6+5.773502691896258j)
3.6006102499641752
1.993052538854533
4.012618301549564
3.0033663737852017
4.9751786069542145
1.4366007223078956
1.5712107567569626
2.4834955631329816
3.387827924036163
2.4834955631329816
3.70525214468533
3.6006102499641752
5.817210527297238
0.05112895385329086
2.631045677955221
3.087120422650818
2.8620174641756115
3.031370691409837
4.1129979369486325
1.7361802492240868
2.8620174641756115
0.45497224367902867
2.0872764515651614
-0.47229201607433335
2.423751893283418
-0.09673947309752773
2.2419228902782713
2.0872764515651614
1.7034689811431285
1.4366007223078956
1.9296146109875911
1.2648315725677897
2.5723303998882656
1.7361802492240868
3.494815172056544
3.1148674198151713
3.1701095462872804
-0.3146475638503885
2.333333333333334
2.7328475460542805
3.679197729505722
1.554515674132067
2.5723303998882656
0.7979497800528961
3.1701095462872804
1.7034689811431285
2.6602540378443873
1.4704806276491214
1.4704806276491214
1.1244351184901502
3.1701095462872804
1.017294652672371
3.2386977087431195
3.3338744431887513
3.1701095462872804
0.9084927970775745
1.865665062071158
1.78498944161523
3.073215103987799
0.4939754520414672
2.8620174641756115
1.865665062071158
2.804842561071295
2.6017381377195505
-3.697169067640808
2.118441408859887
3.252354327740621
2.9470947826937124
3.252354327740621
1.0531889771559895
3.7571522588314785
1.4025657577612778
2.9470947826937124
1.6706182174831152
2.804842561071295
-0.8507134945556274
1.993052538854533
1.4704806276491214
2.890467031624608
2.4536765057959524
3.031370691409837
0.8349961022060377
1.1244351184901502
1.5377836144440913
2.9470947826937124
1.865665062071158
0.9084927970775745
2.2725052695264836
3.1148674198151713
-0.7295372330527004
3.936668140648239
-4.188142311651303
2.804842561071295
1.5042075739635106
1.3683735853259575
2.0872764515651614
3.5081039331740804
1.2821908125441919
2.4834955631329816
3.197606188349205
1.2125031729769127
1.865665062071158
1.2299880548122122
2.7472939538551877
4.2370884433993155
3.911222085712904
4.882754404760931
3.6006102499641752
3.2250208726598615
0.29654386520610654
4.212390968472041
1.9296146109875911
2.302975005345612
1.0531889771559895
3.7571522588314785
3.494815172056544
(-6+6.493975452041467j)
3.4681816969502997
1.52101433090355
2.631045677955221
3.885710532241612
2.408749651825218
3.9873657561678773
1.604490964442185
3.4414730917063014
-1.8867054665156884
4.087996667707458
2.1804151434503574
3.62687735856065
2.4834955631329816
3.87293003493631
3.653072991634229
1.4366007223078956
2.5428214297033023
4.408329997330664
3.3067804108704326
2.5428214297033023
1.5377836144440913
2.393720596645176
0.1340249939385334
1.554515674132067
0.9084927970775745
2.77611542883308
1.1949758003537978
3.62687735856065
2.6017381377195505
3.1425302069973284
1.865665062071158
3.4146887169127194
-0.011796107463786676
2.024583440524461
-2.0113798239126712
2.7472939538551877
2.36358146666217
2.9470947826937124
1.1949758003537978
2.040302522073697
1.2995087699672156
2.0088335069106122
0.8349961022060377
3.494815172056544
1.6706182174831152
2.8334762709990358
1.5042075739635106
2.4834955631329816
1.0531889771559895
1.6706182174831152
1.4704806276491214
0.609604276117345
(-6+6.396021490668313j)
3.4815077861587973
1.4704806276491214
3.3067804108704326
1.604490964442185
2.024583440524461
2.040302522073697
2.378664583453631
0.17505571888328308
1.993052538854533
1.0710678118654755
2.5575886342078427
2.4983658559879753
1.833494518006403
2.423751893283418
2.36358146666217
2.1339791099815457
-1.795625174087391
2.2572282384477056
3.2796072713833713
-1.3670045904785892
0.4745032179459088
1.9296146109875911
2.6017381377195505
2.423751893283418
0.6477002934788807
-0.16125791878857765
3.718253158075502
1.993052538854533
3.5081039331740804
2.7183772004944267
2.36358146666217
1.604490964442185
3.7571522588314785
2.423751893283418
0.9084927970775745
2.2112266089934707
2.1804151434503574
2.333333333333334
3.387827924036163
2.333333333333334
2.5132101744728157
-2.518446880886043
3.059288441743483
-0.8507134945556274
2.6602540378443873
3.1148674198151713
-0.13967284672311564
1.334022006230878
3.1148674198151713
2.0088335069106122
2.9470947826937124
1.993052538854533
-0.6110850776428061
1.7687537838147085
3.2250208726598615
1.865665062071158
3.9873657561678773
0.9084927970775745
3.197606188349205
1.993052538854533
3.6006102499641752
-0.33689951786946715
3.6006102499641752
1.4025657577612778
3.574271077563381
3.936668140648239
3.494815172056544
2.7183772004944267
3.059288441743483
2.9470947826937124
1.4366007223078956
2.4834955631329816
4.742627257986774
1.833494518006403
3.494815172056544
2.055990932156634
3.6399840730829496
3.3338744431887513
3.808777763417888
2.7183772004944267
(-5.999999999999999+7.487363091276265j)
2.6602540378443873
2.7472939538551877
1.5712107567569626
2.0872764515651614
1.3512178610352752
1.4025657577612778
1.604490964442185
1.6870611478580742
1.1949758003537978
2.9470947826937124
1.5712107567569626
3.653072991634229
1.7361802492240868
1.0710678118654755
-0.35923925182233774
2.8334762709990358
2.2419228902782713
3.1148674198151713
1.993052538854533
3.4012679136294377
1.4196027555729058
1.1949758003537978
0.9084927970775745
2.36358146666217
2.1804151434503574
2.333333333333334
0.8349961022060377
2.302975005345612
3.428090415820634
2.7183772004944267
-0.7056347849526823
3.2250208726598615
3.0453403373329095
2.804842561071295
1.4704806276491214
2.631045677955221
1.3683735853259575
2.631045677955221
2.8334762709990358
0.3165647229320703
2.0088335069106122
0.09271795844942421
1.654139963827327
2.5428214297033023
1.9613967608603948
2.77611542883308
2.118441408859887
2.1804151434503574
-1.1020515529561772
3.059288441743483
1.3683735853259575
3.1701095462872804
1.0710678118654755
2.423751893283418
1.385489458759964
2.8334762709990358
1.604490964442185
1.2995087699672156
1.4196027555729058
2.4536765057959524
1.7361802492240868
3.059288441743483
2.2572282384477056
2.4536765057959524
1.017294652672371
4.212390968472041
-0.47229201607433335
2.804842561071295
0.45497224367902867
3.1148674198151713
1.7361802492240868
2.423751893283418
2.393720596645176
3.1838681579949935
1.8977045635891816
(-5.999999999999999+7.654139963827327j)
1.833494518006403
1.6706182174831152
2.0872764515651614
0.6286796527961691
2.2419228902782713
3.653072991634229
1.7361802492240868
2.9470947826937124
0.7607004597948812
-0.3816678128063158
2.6017381377195505
2.4834955631329816
2.5428214297033023
2.5428214297033023
1.5878691063932813
3.387827924036163
3.547859244962515
2.2419228902782713
1.8977045635891816
4.1129979369486325
2.5280286542244177
2.8334762709990358
2.6602540378443873
2.890467031624608
(-6+6.356417261637282j)
3.613752775282004
1.5377836144440913
3.547859244962515
3.387827924036163
3.8473192783466192
1.865665062071158
3.547859244962515
2.7183772004944267
4.480862791225007
4.212390968472041
3.059288441743483
3.4548368253470887
4.480862791225007
3.1701095462872804
4.062933283224442
1.4704806276491214
0.9084927970775745
3.059288441743483
3.387827924036163
2.2419228902782713
1.9455215770466037
2.4834955631329816
1.993052538854533
1.1949758003537978
-0.2704029087305946
1.833494518006403
1.4025657577612778
1.106690545187015
1.9296146109875911
1.865665062071158
3.4414730917063014
2.36358146666217
0.45497224367902867
0.7232447673738758
(-6+5.988203892536213j)
2.616404368553292
1.993052538854533
2.8620174641756115
2.6602540378443873
1.5042075739635106
1.604490964442185
2.96119580764924
0.6477002934788807
1.78498944161523
2.8620174641756115
1.6376261582597333
2.9470947826937124
1.604490964442185
0.9084927970775745
2.4834955631329816
1.1949758003537978
0.8349961022060377
1.9296146109875911
2.7183772004944267
1.8011913102157582
2.118441408859887
2.36358146666217
2.2572282384477056
3.885710532241612
3.3338744431887513
0.1340249939385334
2.393720596645176
3.1148674198151713
2.9470947826937124
2.302975005345612
3.6006102499641752
2.1339791099815457
3.387827924036163
3.059288441743483
1.993052538854533
2.333333333333334
1.6376261582597333
4.162815962263032
3.4815077861587973
3.387827924036163
3.087120422650818
2.2419228902782713
2.975274678557506
(-5.999999999999999+8.557588634207843j)
2.7472939538551877
3.0033663737852017
0.41573192719397856
4.408329997330664
3.885710532241612
3.911222085712904
2.6017381377195505
3.962049198956219
0.741998624632421
2.674821338363417
4.504929097977547
4.789538517199956
4.64818474594794
2.0088335069106122
4.175232357806555
3.2796072713833713
3.7571522588314785
2.8334762709990358
5.514154661795958
4.420453856999636
5.337343319109356
5.709876691119003
4.9981632993693985
5.2254220860554295
4.882754404760931
4.504929097977547
3.962049198956219
5.11237366564176
5.2254220860554295
7.6237315228266525
6.216481663818934
6.401124093721457
7.455876265060038
6.997668788647985
7.97147165484081
6.380744253994923
6.762397418933007
9.349464505514863
7.605183207182845
8.555709768633301
8.043582955293932
8.186705969414685
8.293107754891142
9.016825580163422
8.328399432701138
8.043582955293932
9.41513096364292
9.300029708824395
9.89898669028243
9.675046114990243
9.89898669028243
7.18094737632215
9.41513096364292
10.337661764132342
8.71102108672751
11.284020763045092
9.803400733622961
9.771410011073003
8.538350537926796
10.119816526514342
10.974431157812422
10.809989814861805
9.707233101892
10.854996561581054
10.275717799808088
10.825005440736359
11.501803658855604
10.275717799808088
11.901244243195652
11.985684543126194
11.240134054647669
11.67409792248921
11.731157305543803
13.0029237516523
12.511530668120553
11.901244243195652
12.097658758117099
12.728523053288953
11.35691868571799
13.443001389453816
12.620342953801138
12.654216627341874
12.243581962659714
13.520773705481197
12.236659715412731
12.633899812498246
13.022846444964195
12.943029954006406
13.981051630042508
13.85426702731479
13.312684898268238
14.282101379384642
13.26031141907098
14.381463156604838
12.74200166104534
13.828812828352035
12.728523053288953
13.50783318453271
13.85426702731479
14.578747495531609
14.443319029191247
14.517299918839125
13.299604852813633
13.553087539394703
14.081903004516985
13.726667588353948
13.713862220183128
14.822724571627475
14.43714186663017
14.081903004516985
13.752253419585198
13.879688634433393
13.174899417644092
14.967748201618235
14.081903004516985
14.157210405041948
10.877454928053723
13.26031141907098
13.85426702731479
14.578747495531609
14.480342879074183
13.494884073789848
13.828812828352035
13.2799681461659
14.529604147782454
14.701095467036367
13.879688634433393
13.726667588353948
14.107036810353964
14.081903004516985
12.782379449307744
13.777806151381306
12.836081858974278
12.222807332315927
12.347102267556085
12.497884126886436
12.836081858974278
12.566016527434467
12.91634961688652
12.069730255738506
12.027756377319946
12.402074981815602
10.884934412102705
11.624019422539813
11.443994075123086
12.208944411076018
12.484227510682363
12.67451133865017
12.305764395430476
11.152023763740512
11.269404252385872
10.92974192408619
11.616853730264534
9.803400733622961
10.643923876904811
10.9148192751537
11.32779631841641
11.67409792248921
10.70450250801873
11.844728729637318
10.55264024226646
10.151117170604202
9.2835159104788
9.545631755148026
10.809989814861805
8.86470975026408
8.676649495168862
9.610473044942255
8.81365736219265
9.675046114990243
9.456030825826174
7.826120792240179
7.586609569571049
8.151060923214388
7.3805980449456765
7.826120792240179
7.075151852257623
7.228756555322953
5.859872075893806
7.152178449967822
2.674821338363417
6.154310870109944
5.536065537296853
6.380744253994923
6.257753678897503
5.514154661795958
5.77439440635329
4.789538517199956
4.824588545146517
3.6006102499641752
5.859872075893806
5.709876691119003
-2.821791369181359
5.817210527297238
4.44465935734187
5.514154661795958
4.98667696380806
5.359595241046401
4.025220721014101
4.480862791225007
5.066830958984937
4.824588545146517
5.731422020635975
2.6602540378443873
4.224747162910903
3.962049198956219
1.5712107567569626
1.6376261582597333
3.653072991634229
4.384039812533599
2.689364217539193
4.5289403958131444
2.024583440524461
4.310825927787324
1.554515674132067
4.600647969522305
2.6456621925376407
3.7700842091839437
3.547859244962515
4.480862791225007
2.890467031624608
2.6017381377195505
3.252354327740621
2.393720596645176
3.70525214468533
3.936668140648239
2.7183772004944267
3.70525214468533
3.4012679136294377
2.9470947826937124
2.890467031624608
1.865665062071158
2.1804151434503574
2.118441408859887
1.8011913102157582
2.2112266089934707
2.1804151434503574
1.865665062071158
3.2796072713833713
1.4704806276491214
3.059288441743483
0.9812157778838024
3.547859244962515
1.5377836144440913
1.554515674132067
2.631045677955221
3.211323729436767
1.4025657577612778
1.833494518006403
1.5377836144440913
1.7687537838147085
1.865665062071158
2.9470947826937124
1.7361802492240868
1.7034689811431285
2.9893314995098947
2.055990932156634
-0.7535485778240041
2.890467031624608
1.9296146109875911
3.6006102499641752
3.5081039331740804
1.865665062071158
3.679197729505722
4.162815962263032
3.0033663737852017
3.197606188349205
2.118441408859887
1.0531889771559895
3.387827924036163
3.2250208726598615
3.387827924036163
4.025220721014101
4.261726477695179
1.6706182174831152
-1.1538831540244008
3.2250208726598615
3.653072991634229
2.9470947826937124
1.6376261582597333
3.2250208726598615
3.547859244962515
3.9873657561678773
(-6+6.890192121758832j)
-0.8999900970585344
2.5428214297033023
2.055990932156634
3.059288441743483
2.1339791099815457
2.055990932156634
1.9296146109875911
3.252354327740621
2.2419228902782713
(-5.999999999999999+8.195835355332438j)
1.334022006230878
(-6+2.6111648393354674j)
1.7361802492240868
1.334022006230878
1.604490964442185
2.423751893283418
2.7617165423036134
2.378664583453631
0.9449494765853581
2.393720596645176
1.7524841245248677
1.6210765696722982
-1.285954792089683
1.2995087699672156
2.0872764515651614
2.1494871871880026
2.302975005345612
1.8817010931151232
3.087120422650818
1.5377836144440913
2.333333333333334
3.2250208726598615
1.6376261582597333
-1.5904144815590158
0.9449494765853581
3.4681816969502997
2.689364217539193
1.6210765696722982
2.36358146666217
2.378664583453631
1.8011913102157582
1.604490964442185
1.017294652672371
3.101004495564368
2.287754140107481
2.2112266089934707
1.0710678118654755
1.7361802492240868
2.333333333333334
0.9992784620915742
1.017294652672371
0.9449494765853581
2.7328475460542805
1.6870611478580742
2.2572282384477056
2.5723303998882656
1.8011913102157582
2.0088335069106122
2.5132101744728157
1.6706182174831152
-0.6110850776428061
1.6706182174831152
1.1244351184901502
2.9470947826937124
1.4704806276491214
2.8334762709990358
1.1244351184901502
2.77611542883308
1.1597923337640363
1.2995087699672156
2.36358146666217
1.2299880548122122
2.7183772004944267
2.118441408859887
2.118441408859887
3.1838681579949935
2.423751893283418
0.7232447673738758
2.024583440524461
2.9470947826937124
2.9470947826937124
2.7472939538551877
1.993052538854533
3.1148674198151713
-0.16125791878857765
3.936668140648239
-0.7056347849526823
1.0531889771559895
1.4704806276491214
3.087120422650818
3.1701095462872804
2.9470947826937124
4.162815962263032
3.2796072713833713
3.211323729436767
0.7607004597948812
2.975274678557506
3.731236802019037
-0.07538945575237843
3.1148674198151713
2.2419228902782713
3.059288441743483
3.2796072713833713
2.4536765057959524
3.1148674198151713
2.6602540378443873
3.387827924036163
4.4567410957446185
3.0033663737852017
2.408749651825218
2.333333333333334
3.059288441743483
3.031370691409837
2.77611542883308
1.833494518006403
2.333333333333334
1.1949758003537978
2.7472939538551877
0.8164981086072682
2.0872764515651614
0.6477002934788807
2.631045677955221
1.0531889771559895
0.4939754520414672
1.4366007223078956
1.5377836144440913
1.7361802492240868
2.287754140107481
2.102873913406629
1.993052538854533
2.631045677955221
1.604490964442185
0.9084927970775745
3.0173794038584916
2.024583440524461
2.6017381377195505
1.0531889771559895
2.36358146666217
0.1340249939385334
-0.9497474810609212
1.7361802492240868
2.36358146666217
1.4704806276491214
2.6017381377195505
2.6017381377195505
0.2360956446232363
2.195835355332438
1.2995087699672156
1.52101433090355
2.5575886342078427
0.8349961022060377
2.8334762709990358
2.423751893283418
2.378664583453631
2.2112266089934707
2.5428214297033023
1.5377836144440913
2.378664583453631
0.05112895385329086
2.631045677955221
0.9084927970775745
3.666144186507019
3.087120422650818
1.2995087699672156
0.6286796527961691
2.4834955631329816
2.024583440524461
3.031370691409837
2.6602540378443873
2.118441408859887
1.833494518006403
2.5723303998882656
-2.307255270620018
2.164965809277261
-0.8019040004822893
2.804842561071295
1.6870611478580742
2.631045677955221
1.993052538854533
3.494815172056544
1.7524841245248677
0.7607004597948812
1.385489458759964
3.8216417397829403
2.5132101744728157
0.8349961022060377
1.6376261582597333
3.252354327740621
3.2796072713833713
2.8334762709990358
0.2158156050806106
1.7687537838147085
2.6017381377195505
-2.518446880886043
0.29654386520610654
2.302975005345612
0.9084927970775745
3.6006102499641752
1.6706182174831152
1.7524841245248677
1.2648315725677897
1.2299880548122122
1.833494518006403
3.087120422650818
1.9296146109875911
1.993052538854533
2.1494871871880026
1.7361802492240868
1.993052538854533
2.4834955631329816
2.2572282384477056
4.600647969522305
1.8977045635891816
2.77611542883308
3.3338744431887513
4.212390968472041
3.8601329718326944
1.993052538854533
2.5428214297033023
3.387827924036163
3.547859244962515
3.962049198956219
2.7472939538551877
2.9470947826937124
3.1701095462872804
3.666144186507019
2.4387274640268615
3.428090415820634
2.8334762709990358
(-5.999999999999999+7.604490964442185j)
3.4414730917063014
2.6017381377195505
2.118441408859887
2.77611542883308
0.9812157778838024
2.2419228902782713
1.7361802492240868
3.2796072713833713
1.1244351184901502
1.52101433090355
2.7183772004944267
3.3067804108704326
2.195835355332438
2.9470947826937124
3.387827924036163
2.118441408859887
1.4704806276491214
1.9296146109875911
2.8334762709990358
1.6706182174831152
-0.5412474137418721
2.2725052695264836
2.164965809277261
2.7183772004944267
1.1244351184901502
3.387827924036163
1.247430753394787
2.5428214297033023
0.2158156050806106
1.487363091276265
2.2725052695264836
0.9449494765853581
1.6376261582597333
1.993052538854533
2.9470947826937124
1.4025657577612778
