2.6602540378443873
2.2419228902782713
3.1701095462872804
2.9470947826937124
4.2370884433993155
4.695510244674605
4.4567410957446185
3.059288441743483
0.6855792342152149
2.040302522073697
3.0453403373329095
2.118441408859887
-2.6290006876837895
3.718253158075502
2.6602540378443873
3.1701095462872804
2.055990932156634
3.387827924036163
2.302975005345612
2.77611542883308
1.865665062071158
-0.2924823630795865
1.247430753394787
1.993052538854533
0.37625012500024635
3.679197729505722
2.423751893283418
4.359692675134351
3.9239532689774634
3.4681816969502997
-0.5644269349539099
3.911222085712904
4.137937550497034
3.4146887169127194
2.9470947826937124
4.4567410957446185
3.031370691409837
3.8601329718326944
3.1701095462872804
-0.7776703213290652
2.055990932156634
4.212390968472041
2.8334762709990358
4.310825927787324
3.1287092917527684
4.408329997330664
5.392891634610583
4.600647969522305
1.2299880548122122
2.5132101744728157
-2.3416071310152615
1.7687537838147085
0.6477002934788807
1.604490964442185
2.4834955631329816
1.6706182174831152
1.4025657577612778
(-6+7.247430753394787j)
-0.33689951786946715
3.2250208726598615
2.2112266089934707
1.7524841245248677
1.3683735853259575
1.654139963827327
2.2419228902782713
2.9470947826937124
0.9449494765853581
2.975274678557506
3.059288441743483
3.031370691409837
2.118441408859887
2.2419228902782713
2.055990932156634
3.70525214468533
1.554515674132067
1.52101433090355
2.040302522073697
1.8977045635891816
2.302975005345612
3.6006102499641752
0.9812157778838024
2.2419228902782713
1.604490964442185
2.7328475460542805
1.035264706814485
2.423751893283418
2.393720596645176
2.8477583761554133
(-6+2.8426762180748057j)
2.0872764515651614
2.408749651825218
1.9136756710306644
0.4745032179459088
1.017294652672371
2.7183772004944267
2.302975005345612
2.2725052695264836
2.9470947826937124
0.609604276117345
2.1339791099815457
1.3683735853259575
1.3512178610352752
2.804842561071295
2.055990932156634
2.36358146666217
2.195835355332438
3.073215103987799
2.055990932156634
2.302975005345612
1.1949758003537978
1.334022006230878
2.9470947826937124
2.423751893283418
0.7232447673738758
1.8011913102157582
0.9812157778838024
1.017294652672371
2.8477583761554133
2.36358146666217
1.334022006230878
-2.0113798239126712
3.197606188349205
1.7361802492240868
2.024583440524461
1.865665062071158
1.5042075739635106
1.2821908125441919
2.36358146666217
1.3683735853259575
2.5723303998882656
0.609604276117345
2.071648849616487
0.5327457991848785
2.631045677955221
-0.49518117436819686
2.378664583453631
1.334022006230878
1.6210765696722982
2.423751893283418
0.7232447673738758
3.252354327740621
1.5377836144440913
3.6006102499641752
0.6477002934788807
(-5.999999999999999+8.133979109981546j)
3.0033663737852017
2.2419228902782713
3.547859244962515
1.993052538854533
2.975274678557506
2.9470947826937124
3.059288441743483
-0.16125791878857765
1.993052538854533
3.1148674198151713
4.1129979369486325
4.012618301549564
3.808777763417888
4.162815962263032
1.9296146109875911
2.5575886342078427
2.302975005345612
2.5428214297033023
3.087120422650818
1.6870611478580742
1.7687537838147085
0.9084927970775745
2.7183772004944267
3.3338744431887513
0.8349961022060377
1.017294652672371
(-5.999999999999999+8.241922890278271j)
0.6855792342152149
3.059288441743483
1.4366007223078956
0.609604276117345
0.7232447673738758
2.2419228902782713
2.118441408859887
1.1949758003537978
2.2419228902782713
1.5377836144440913
2.7183772004944267
2.5132101744728157
1.7034689811431285
2.024583440524461
-0.7295372330527004
1.993052538854533
2.2725052695264836
2.1804151434503574
1.7034689811431285
1.2299880548122122
0.7607004597948812
1.4704806276491214
2.5428214297033023
2.118441408859887
1.8011913102157582
0.9084927970775745
2.4834955631329816
2.9470947826937124
1.993052538854533
2.2419228902782713
1.2821908125441919
1.5042075739635106
2.4536765057959524
2.423751893283418
2.36358146666217
1.5377836144440913
0.7232447673738758
2.0088335069106122
2.2419228902782713
0.5327457991848785
1.554515674132067
1.4025657577612778
1.7361802492240868
2.4536765057959524
1.5042075739635106
1.6376261582597333
2.6602540378443873
2.423751893283418
-2.0752018645489034
2.333333333333334
2.7617165423036134
2.7328475460542805
1.554515674132067
1.9296146109875911
1.7687537838147085
3.087120422650818
0.666666666666667
0.5712874067277101
2.6602540378443873
2.8477583761554133
1.4025657577612778
2.1339791099815457
2.055990932156634
2.4834955631329816
1.035264706814485
3.2250208726598615
0.009252125773315356
1.833494518006403
-0.8507134945556274
(-5.999999999999999+8.393720596645176j)
3.4146887169127194
1.993052538854533
2.2419228902782713
2.6602540378443873
2.5723303998882656
(-6+0.7106690545187014j)
1.5377836144440913
3.7571522588314785
2.2725052695264836
2.0088335069106122
0.9084927970775745
2.7183772004944267
2.5723303998882656
1.7361802492240868
1.6706182174831152
2.6017381377195505
4.212390968472041
2.7328475460542805
3.962049198956219
3.494815172056544
2.2725052695264836
3.2796072713833713
2.77611542883308
(-5.999999999999999+8.241922890278271j)
3.031370691409837
1.604490964442185
2.2725052695264836
4.432563627334552
2.040302522073697
3.7571522588314785
3.087120422650818
3.1148674198151713
1.6210765696722982
2.890467031624608
3.6006102499641752
(-6+7.194975800353798j)
2.7183772004944267
3.0033663737852017
3.494815172056544
4.624442944398915
4.64818474594794
3.073215103987799
2.7472939538551877
4.310825927787324
2.5428214297033023
2.5132101744728157
1.993052538854533
1.7361802492240868
1.9296146109875911
2.9470947826937124
2.302975005345612
0.7793507033930593
0.666666666666667
1.334022006230878
1.9296146109875911
1.3512178610352752
2.7183772004944267
2.055990932156634
1.5377836144440913
1.4704806276491214
1.5377836144440913
2.378664583453631
1.2648315725677897
-0.7535485778240041
2.7183772004944267
1.604490964442185
0.9084927970775745
3.4681816969502997
2.302975005345612
1.334022006230878
2.287754140107481
-0.3816678128063158
3.2796072713833713
1.604490964442185
0.4939754520414672
1.3683735853259575
1.604490964442185
3.1148674198151713
1.017294652672371
3.087120422650818
1.2125031729769127
3.1838681579949935
-0.8507134945556274
2.9470947826937124
0.5712874067277101
1.5712107567569626
2.055990932156634
2.6602540378443873
2.118441408859887
4.1129979369486325
0.7607004597948812
-0.3146475638503885
1.0710678118654755
2.302975005345612
2.0872764515651614
2.689364217539193
2.6602540378443873
1.993052538854533
1.1949758003537978
2.7183772004944267
-0.3816678128063158
0.009252125773315356
2.1494871871880026
3.9239532689774634
2.0872764515651614
2.423751893283418
1.7687537838147085
2.7183772004944267
1.993052538854533
-1.3398313638697879
2.975274678557506
2.77611542883308
-0.6818397652168953
2.423751893283418
2.408749651825218
1.993052538854533
2.7328475460542805
2.9470947826937124
1.017294652672371
3.031370691409837
1.4366007223078956
3.1701095462872804
1.2299880548122122
3.211323729436767
1.865665062071158
3.4414730917063014
2.195835355332438
-0.5644269349539099
0.5712874067277101
3.1148674198151713
2.36358146666217
2.804842561071295
2.024583440524461
4.504929097977547
2.7183772004944267
3.7571522588314785
2.2572282384477056
3.1148674198151713
2.804842561071295
0.9084927970775745
3.808777763417888
2.7328475460542805
2.118441408859887
4.162815962263032
3.3338744431887513
3.1701095462872804
3.4414730917063014
4.012618301549564
3.2796072713833713
(-6+5.6853524361496115j)
1.78498944161523
4.087996667707458
4.062933283224442
3.4681816969502997
5.157730481372523
2.5723303998882656
2.378664583453631
3.3067804108704326
2.2419228902782713
2.423751893283418
2.195835355332438
3.62687735856065
2.6602540378443873
3.834488889473196
3.1425302069973284
4.929064207170002
0.9084927970775745
3.808777763417888
2.9470947826937124
4.062933283224442
3.70525214468533
3.0033663737852017
3.428090415820634
2.4536765057959524
3.6006102499641752
2.5428214297033023
4.371873387954443
1.833494518006403
2.689364217539193
4.64818474594794
5.426091000668407
4.789538517199956
3.059288441743483
4.335288182638248
4.125475422184014
4.261726477695179
2.7038827977848925
5.157730481372523
4.025220721014101
5.202903664008296
4.261726477695179
4.671873729054749
3.808777763417888
4.9751786069542145
2.4834955631329816
1.334022006230878
3.9239532689774634
6.123105912665162
4.012618301549564
5.202903664008296
5.470207346236448
4.64818474594794
3.782999065065411
5.817210527297238
3.70525214468533
6.360330811826106
5.64500152881315
6.195793280364084
6.195793280364084
5.191627462193569
4.310825927787324
6.112686395559482
4.9751786069542145
5.902380714238085
4.64818474594794
-2.043162164484668
4.9751786069542145
6.3194024517294185
5.337343319109356
5.7851130197757925
5.902380714238085
6.8019095797810145
4.905933886623096
6.841300163884881
5.601549879044594
6.195793280364084
5.337343319109356
6.482310715892343
6.380744253994923
5.709876691119003
6.860950213885458
6.451927764426882
6.360330811826106
6.472191289246473
6.70289873862011
8.381174563233069
6.603110085942433
6.462063645441324
7.190523074916287
6.8019095797810145
6.195793280364084
7.9352760716075945
6.27833766263071
7.605183207182845
8.115325863841198
7.697673620957051
8.328399432701138
8.328399432701138
8.328399432701138
9.016825580163422
8.346012714621468
9.016825580163422
9.480518875233628
8.186705969414685
8.240006242195886
9.803400733622961
9.994001400777757
9.578086136517788
10.05703219241597
9.109031348264134
10.70450250801873
10.182357271692123
10.119816526514342
9.349464505514863
10.02554778527654
10.05703219241597
9.89898669028243
10.55264024226646
9.610473044942255
10.674240703261514
9.739354266527988
10.119816526514342
9.233867108213433
10.306719195138271
9.683099054702039
11.004158730775664
10.080605044147394
11.048652898588958
10.583123951777
10.643923876904811
10.674240703261514
9.930721226230744
10.643923876904811
10.742252844316692
11.702650603337297
11.240134054647669
12.097658758117099
11.75961825051542
11.501803658855604
12.236659715412731
10.583123951777
11.530636962849705
12.620342953801138
11.12255291076124
12.250501584362226
11.985684543126194
12.579613026164463
12.943029954006406
10.974431157812422
12.069730255738506
11.91534526487268
13.41700806046601
11.588161767036212
11.516226243634268
11.0930312458533
11.472922775054844
10.681811301019692
12.511530668120553
10.77991825265119
12.222807332315927
11.443994075123086
11.537837882012642
12.511530668120553
11.225480304397081
12.429499847973755
12.511530668120553
12.552410064245542
9.578086136517788
10.575508280214962
12.929694486000912
12.125544227287456
12.647446815241832
11.731157305543803
12.456883963891784
11.80222435313048
12.538793614657582
11.985684543126194
11.901244243195652
11.999719414199184
10.491503781332284
12.125544227287456
11.559422921421234
10.70450250801873
11.616853730264534
10.55264024226646
12.013743350424129
11.225480304397081
11.12255291076124
11.616853730264534
11.35691868571799
11.291324385075281
11.652653104169968
11.616853730264534
11.999719414199184
9.771410011073003
11.67409792248921
10.166744767071581
11.985684543126194
11.210814077553717
11.048652898588958
10.430139833534437
11.773831632742866
10.368545840400515
10.70450250801873
9.431503916706017
9.41513096364292
9.480518875233628
9.545631755148026
10.70450250801873
9.316525702520126
10.001893827313257
10.05703219241597
9.875144157462069
10.832508230603466
9.803400733622961
10.119816526514342
9.867188685071996
10.088454986057048
9.930721226230744
8.949409636666209
9.930721226230744
10.306719195138271
8.468705344412621
8.186705969414685
9.578086136517788
2.7328475460542805
9.167415898909908
7.642254619787417
8.398723287959678
7.807844352271852
8.881688293491653
8.186705969414685
6.782168766834461
8.847711791873705
6.482310715892343
6.029005349444722
6.860950213885458
8.043582955293932
6.880570286640685
5.270323953649337
6.583057392117917
5.40396882889922
5.426091000668407
6.441783626071457
5.292707935887323
6.029005349444722
5.40396882889922
4.624442944398915
5.11237366564176
5.492202011394818
5.11237366564176
5.381803659589924
3.5081039331740804
3.808777763417888
4.408329997330664
3.197606188349205
5.731422020635975
4.81291782634049
4.9751786069542145
5.0211000569202024
4.882754404760931
4.249414863810765
3.031370691409837
3.808777763417888
2.8334762709990358
5.688291646607798
4.212390968472041
3.70525214468533
4.162815962263032
4.249414863810765
3.547859244962515
(-6+5.5505027527315765j)
3.2386977087431195
4.9751786069542145
3.8216417397829403
3.653072991634229
2.7904907299153265
3.70525214468533
0.37625012500024635
3.2796072713833713
3.1287092917527684
3.3338744431887513
-0.7056347849526823
3.1148674198151713
3.031370691409837
3.731236802019037
3.4681816969502997
4.408329997330664
1.6210765696722982
2.333333333333334
4.44465935734187
3.8601329718326944
2.36358146666217
2.5575886342078427
3.2796072713833713
4.359692675134351
2.7617165423036134
3.6006102499641752
2.1804151434503574
3.3338744431887513
2.8477583761554133
3.808777763417888
2.8620174641756115
1.865665062071158
2.055990932156634
2.3181680189762464
2.8334762709990358
2.5723303998882656
2.118441408859887
3.494815172056544
2.2419228902782713
2.5280286542244177
2.0872764515651614
3.962049198956219
2.9470947826937124
2.975274678557506
1.8817010931151232
2.36358146666217
3.347392009204352
3.5213741474939244
-0.7295372330527004
2.055990932156634
2.4834955631329816
2.6602540378443873
2.2572282384477056
3.6006102499641752
2.118441408859887
2.36358146666217
3.653072991634229
4.012618301549564
3.211323729436767
3.2796072713833713
2.393720596645176
4.4567410957446185
3.059288441743483
2.7183772004944267
3.8601329718326944
3.70525214468533
4.0378073182132646
2.393720596645176
2.2419228902782713
3.031370691409837
2.7472939538551877
3.6006102499641752
2.118441408859887
3.2796072713833713
3.911222085712904
3.494815172056544
1.9296146109875911
3.8984745279158037
3.5081039331740804
3.8601329718326944
2.6602540378443873
2.7183772004944267
1.1949758003537978
1.9296146109875911
2.7617165423036134
2.1804151434503574
0.33652232312923847
2.77611542883308
1.9296146109875911
2.36358146666217
0.4353819944228192
3.936668140648239
0.29654386520610654
1.7361802492240868
(-6+6.704438451465935j)
2.8620174641756115
2.2572282384477056
1.6376261582597333
1.6706182174831152
1.865665062071158
1.833494518006403
2.164965809277261
2.2419228902782713
-0.7535485778240041
1.7361802492240868
2.055990932156634
0.9812157778838024
3.3338744431887513
-0.35923925182233774
2.1494871871880026
2.8334762709990358
1.8817010931151232
0.05112895385329086
1.78498944161523
1.0531889771559895
1.4025657577612778
2.4834955631329816
0.4745032179459088
2.6602540378443873
1.0889015547209606
2.055990932156634
-0.2046692427559762
1.6376261582597333
3.387827924036163
(-6+5j)
1.6706182174831152
2.2112266089934707
2.0872764515651614
2.1804151434503574
3.731236802019037
1.8977045635891816
2.2572282384477056
2.0088335069106122
-0.9248078107744773
1.993052538854533
0.9084927970775745
1.993052538854533
2.4834955631329816
2.5428214297033023
2.7183772004944267
1.8977045635891816
1.4366007223078956
1.4704806276491214
1.993052538854533
1.334022006230878
2.36358146666217
1.2299880548122122
3.5081039331740804
2.2572282384477056
1.017294652672371
2.9470947826937124
1.9296146109875911
1.6376261582597333
-3.5900039817292626
(-5.999999999999999+7.571210756756963j)
1.8977045635891816
1.9136756710306644
2.5132101744728157
1.247430753394787
2.5723303998882656
1.2648315725677897
2.024583440524461
-0.5644269349539099
3.2796072713833713
2.423751893283418
2.9470947826937124
2.7904907299153265
2.5280286542244177
1.6870611478580742
1.865665062071158
1.6706182174831152
-0.2046692427559762
1.4704806276491214
3.1701095462872804
3.0033663737852017
4.359692675134351
1.5712107567569626
4.504929097977547
3.2796072713833713
3.4414730917063014
0.9084927970775745
3.494815172056544
3.1148674198151713
5.066830958984937
2.1339791099815457
2.804842561071295
1.4704806276491214
4.2370884433993155
2.890467031624608
0.6286796527961691
2.2419228902782713
3.2250208726598615
3.4681816969502997
4.1129979369486325
1.8977045635891816
2.302975005345612
3.1148674198151713
1.334022006230878
0.030226891555273028
2.36358146666217
-0.03291858560144956
1.8817010931151232
2.890467031624608
2.195835355332438
2.393720596645176
2.689364217539193
0.4745032179459088
(-6+6.871842709362768j)
0.9084927970775745
1.9296146109875911
2.631045677955221
0.9267451216136129
2.7183772004944267
3.087120422650818
1.0531889771559895
1.7687537838147085
0.7793507033930593
2.055990932156634
2.8334762709990358
2.4834955631329816
0.29654386520610654
2.1494871871880026
2.1804151434503574
2.302975005345612
1.52101433090355
1.3512178610352752
1.5377836144440913
0.7793507033930593
1.247430753394787
2.9470947826937124
1.1244351184901502
2.423751893283418
1.993052538854533
1.7361802492240868
0.2158156050806106
2.0872764515651614
2.024583440524461
3.547859244962515
-2.3416071310152615
2.5723303998882656
1.4366007223078956
3.252354327740621
2.5723303998882656
3.2796072713833713
2.055990932156634
2.9470947826937124
2.118441408859887
1.993052538854533
1.78498944161523
0.9449494765853581
1.5712107567569626
1.7361802492240868
0.4939754520414672
2.2419228902782713
2.631045677955221
1.4704806276491214
1.7361802492240868
-0.13967284672311564
1.5712107567569626
2.2419228902782713
1.0531889771559895
2.6017381377195505
2.36358146666217
2.7183772004944267
1.9296146109875911
0.9084927970775745
1.2995087699672156
2.6017381377195505
1.7034689811431285
2.7617165423036134
2.302975005345612
2.616404368553292
2.7328475460542805
2.890467031624608
1.6376261582597333
1.334022006230878
-1.3398313638697879
2.0872764515651614
1.0531889771559895
1.993052538854533
2.1804151434503574
1.2648315725677897
1.0531889771559895
3.1425302069973284
-1.8257644503163908
1.9296146109875911
2.302975005345612
0.9812157778838024
2.4983658559879753
3.0033663737852017
3.4414730917063014
3.5346258924559244
3.2796072713833713
1.6706182174831152
1.5377836144440913
(-6+6.981215777883802j)
2.9470947826937124
3.962049198956219
2.7183772004944267
4.420453856999636
3.4681816969502997
4.062933283224442
-0.6110850776428061
1.865665062071158
2.77611542883308
3.387827924036163
3.2796072713833713
2.2572282384477056
3.073215103987799
2.9470947826937124
3.2250208726598615
1.0531889771559895
0.5520449425574707
2.616404368553292
-0.7535485778240041
1.334022006230878
1.654139963827327
2.6017381377195505
1.993052538854533
-0.18292308471137364
1.5712107567569626
2.5428214297033023
1.7034689811431285
1.1244351184901502
1.6706182174831152
-0.6581507382411536
1.8977045635891816
2.6017381377195505
0.41573192719397856
-0.5644269349539099
0.9812157778838024
1.4704806276491214
0.8349961022060377
2.804842561071295
2.5575886342078427
2.5723303998882656
