2.393720596645176
3.059288441743483
3.2796072713833713
4.600647969522305
5.381803659589924
4.1129979369486325
3.073215103987799
4.600647969522305
1.8011913102157582
2.6602540378443873
0.6477002934788807
2.36358146666217
2.4834955631329816
3.6006102499641752
2.4387274640268615
3.70525214468533
1.3683735853259575
3.5610742813839398
2.9470947826937124
2.8334762709990358
2.7617165423036134
2.5723303998882656
3.073215103987799
2.8334762709990358
1.993052538854533
1.78498944161523
3.1148674198151713
3.428090415820634
2.8334762709990358
3.1701095462872804
2.2572282384477056
3.4414730917063014
1.604490964442185
3.197606188349205
2.8620174641756115
1.4704806276491214
1.334022006230878
2.4834955631329816
2.423751893283418
2.6017381377195505
2.975274678557506
2.118441408859887
3.059288441743483
3.1148674198151713
1.1949758003537978
3.7571522588314785
1.0710678118654755
2.36358146666217
1.8011913102157582
3.936668140648239
2.4834955631329816
1.9296146109875911
1.4704806276491214
2.0872764515651614
1.993052538854533
2.9470947826937124
2.96119580764924
1.5377836144440913
2.7183772004944267
1.1244351184901502
2.055990932156634
1.7361802492240868
1.2648315725677897
2.118441408859887
1.0531889771559895
3.2796072713833713
2.7183772004944267
3.2250208726598615
0.17505571888328308
2.1804151434503574
1.4704806276491214
2.9470947826937124
1.2125031729769127
2.040302522073697
2.423751893283418
3.197606188349205
2.7472939538551877
2.9470947826937124
1.1244351184901502
1.4704806276491214
1.7524841245248677
2.2572282384477056
1.6706182174831152
2.4834955631329816
0.29654386520610654
2.9470947826937124
1.9296146109875911
3.5213741474939244
1.4025657577612778
3.252354327740621
1.1949758003537978
0.9084927970775745
2.689364217539193
2.5428214297033023
4.5289403958131444
2.8334762709990358
3.4146887169127194
3.2932037728458514
4.516941599441381
3.494815172056544
2.876253645985946
3.4146887169127194
2.8334762709990358
4.359692675134351
3.387827924036163
4.1129979369486325
3.059288441743483
4.71909463989333
2.5870468577604573
4.2370884433993155
3.653072991634229
3.087120422650818
3.387827924036163
3.1148674198151713
3.2250208726598615
3.808777763417888
4.012618301549564
1.604490964442185
1.5377836144440913
2.7183772004944267
2.36358146666217
2.975274678557506
1.8011913102157582
4.516941599441381
3.9239532689774634
4.600647969522305
3.808777763417888
4.162815962263032
3.1148674198151713
4.882754404760931
2.9470947826937124
-0.2264973081037418
2.0872764515651614
2.118441408859887
2.5132101744728157
2.7904907299153265
2.7183772004944267
3.494815172056544
0.39602149066831327
1.0531889771559895
1.865665062071158
2.36358146666217
2.378664583453631
3.7571522588314785
1.7034689811431285
2.6602540378443873
2.287754140107481
3.1701095462872804
2.5723303998882656
2.975274678557506
1.7034689811431285
3.653072991634229
1.2648315725677897
2.804842561071295
2.5428214297033023
0.6855792342152149
1.7687537838147085
3.211323729436767
2.36358146666217
2.9470947826937124
1.1949758003537978
2.071648849616487
0.9812157778838024
3.808777763417888
1.865665062071158
4.025220721014101
0.8349961022060377
3.1701095462872804
1.0531889771559895
2.5132101744728157
1.9296146109875911
2.0872764515651614
1.1244351184901502
2.5428214297033023
2.9470947826937124
2.674821338363417
1.5042075739635106
0.41573192719397856
1.5377836144440913
3.1148674198151713
2.2419228902782713
3.547859244962515
0.41573192719397856
3.387827924036163
1.5712107567569626
1.865665062071158
1.833494518006403
1.8495962709021931
0.9084927970775745
0.29654386520610654
2.2419228902782713
2.5428214297033023
1.7524841245248677
1.993052538854533
2.7472939538551877
3.3067804108704326
2.77611542883308
3.0033663737852017
0.1340249939385334
0.5520449425574707
1.2648315725677897
2.9470947826937124
2.8334762709990358
3.6006102499641752
1.1949758003537978
4.323064301148985
2.8620174641756115
2.423751893283418
1.487363091276265
2.423751893283418
3.059288441743483
3.387827924036163
5.157730481372523
3.962049198956219
1.5878691063932813
1.993052538854533
3.0033663737852017
3.911222085712904
3.059288441743483
4.600647969522305
2.5132101744728157
3.834488889473196
4.420453856999636
4.9751786069542145
3.3067804108704326
2.8620174641756115
3.2250208726598615
4.212390968472041
4.0378073182132646
3.6006102499641752
3.653072991634229
3.2250208726598615
2.36358146666217
2.2419228902782713
2.890467031624608
2.8334762709990358
1.865665062071158
3.073215103987799
1.1597923337640363
2.616404368553292
3.1148674198151713
2.890467031624608
1.334022006230878
3.1148674198151713
1.993052538854533
3.0033663737852017
1.993052538854533
2.164965809277261
2.975274678557506
2.2419228902782713
3.5610742813839398
2.2725052695264836
0.9812157778838024
1.5712107567569626
-1.0507627360420981
1.7361802492240868
2.0872764515651614
3.087120422650818
0.07195906348905456
1.2299880548122122
2.631045677955221
2.5132101744728157
1.1597923337640363
1.385489458759964
0.45497224367902867
2.7183772004944267
2.6602540378443873
3.547859244962515
2.423751893283418
0.1340249939385334
1.1244351184901502
1.1949758003537978
1.017294652672371
2.2112266089934707
1.0889015547209606
2.1494871871880026
1.4025657577612778
1.604490964442185
2.4387274640268615
3.808777763417888
1.0531889771559895
1.7034689811431285
2.5870468577604573
3.547859244962515
1.9296146109875911
1.833494518006403
2.2725052695264836
1.3683735853259575
2.77611542883308
2.5280286542244177
0.39602149066831327
1.4025657577612778
2.0088335069106122
2.5575886342078427
2.1804151434503574
3.2250208726598615
1.1949758003537978
3.7571522588314785
2.689364217539193
1.7361802492240868
1.1949758003537978
1.604490964442185
2.302975005345612
2.5428214297033023
1.1421356056925314
3.494815172056544
1.8817010931151232
3.962049198956219
4.1129979369486325
1.2648315725677897
4.261726477695179
5.11237366564176
2.2419228902782713
2.118441408859887
1.5712107567569626
2.8334762709990358
1.9296146109875911
3.1701095462872804
0.609604276117345
3.808777763417888
2.36358146666217
3.1838681579949935
3.0173794038584916
1.865665062071158
1.2821908125441919
3.1148674198151713
4.286305498481017
3.5610742813839398
2.7183772004944267
3.494815172056544
4.600647969522305
4.286305498481017
1.2648315725677897
3.547859244962515
3.211323729436767
5.11237366564176
4.261726477695179
4.286305498481017
4.504929097977547
3.1701095462872804
3.9493667632618212
4.742627257986774
3.0033663737852017
2.7183772004944267
4.789538517199956
3.8216417397829403
4.882754404760931
5.066830958984937
4.600647969522305
3.834488889473196
2.071648849616487
2.2112266089934707
1.604490964442185
3.70525214468533
3.547859244962515
3.9239532689774634
1.4025657577612778
3.808777763417888
2.4834955631329816
3.62687735856065
3.059288441743483
2.8334762709990358
2.689364217539193
3.059288441743483
3.387827924036163
3.808777763417888
2.3181680189762464
3.3338744431887513
4.087996667707458
3.2386977087431195
3.613752775282004
2.2572282384477056
2.378664583453631
3.197606188349205
2.8334762709990358
3.70525214468533
3.3338744431887513
3.3338744431887513
2.118441408859887
4.480862791225007
3.059288441743483
4.504929097977547
3.7571522588314785
2.890467031624608
4.310825927787324
4.44465935734187
4.408329997330664
1.8011913102157582
3.494815172056544
4.671873729054749
4.384039812533599
3.834488889473196
1.833494518006403
5.64500152881315
3.494815172056544
4.624442944398915
4.44465935734187
4.087996667707458
3.494815172056544
4.789538517199956
4.18763362061469
5.859872075893806
4.929064207170002
5.514154661795958
3.911222085712904
4.286305498481017
4.64818474594794
5.492202011394818
5.11237366564176
6.3194024517294185
5.337343319109356
5.157730481372523
5.11237366564176
6.029005349444722
4.789538517199956
5.135075167680682
5.752927853573899
5.557934875480939
4.742627257986774
6.339883600452936
5.40396882889922
5.292707935887323
5.94473807484985
5.0211000569202024
5.337343319109356
6.482310715892343
5.009637651263606
7.075151852257623
6.3194024517294185
5.94473807484985
5.536065537296853
6.5227066490508285
5.57976291168818
5.426091000668407
6.091820425896227
7.66075260064985
6.390938363794469
5.881145406130512
6.360330811826106
6.9197210464929135
6.722762548624685
8.468705344412621
6.762397418933007
6.722762548624685
7.228756555322953
7.605183207182845
7.67922556730505
7.642254619787417
8.363604398378957
9.41513096364292
7.568010505999364
9.36590742882148
7.697673620957051
7.586609569571049
2.468599159080073
9.480518875233628
8.685249935107189
9.835326828252576
8.503569745188091
8.71102108672751
9.610473044942255
7.67922556730505
8.881688293491653
8.881688293491653
8.043582955293932
8.949409636666209
8.503569745188091
8.590366269521404
7.716096862129298
9.083940218830508
7.304893912399379
8.257728721042083
8.468705344412621
9.150757556817236
8.079500105910126
8.381174563233069
8.468705344412621
9.25043466842036
9.016825580163422
7.2668798521016615
8.520970554979645
9.59428799855313
9.610473044942255
9.050420310248864
9.41513096364292
10.05703219241597
8.915587399587974
9.803400733622961
8.898647487933157
9.707233101892
9.819371834953664
9.150757556817236
9.431503916706017
10.151117170604202
10.05703219241597
9.803400733622961
9.545631755148026
10.182357271692123
10.19015787820527
10.825005440736359
10.621149968116718
10.674240703261514
9.930721226230744
10.260194937144494
10.135474438439527
11.033834423039199
9.447859516333118
11.844728729637318
10.674240703261514
11.12255291076124
10.430139833534437
11.731157305543803
11.731157305543803
9.324767040594283
10.643923876904811
11.152023763740512
10.802476969876565
11.530636962849705
10.275717799808088
11.0930312458533
10.674240703261514
10.9148192751537
11.501803658855604
10.55264024226646
11.033834423039199
11.645499039801521
11.516226243634268
12.511530668120553
11.415017320773135
10.651508258194731
11.32779631841641
12.181186857726193
11.985684543126194
12.402074981815602
10.974431157812422
11.225480304397081
12.319554050414563
11.210814077553717
11.166740217553528
11.75961825051542
10.61355172773423
11.033834423039199
11.957581893861644
12.013743350424129
10.244657241348275
10.944651431092115
11.545035845739466
12.660983983496777
10.922282244532987
12.836081858974278
12.027756377319946
10.9148192751537
10.659089186544758
11.731157305543803
10.460850402078137
11.313216764872863
10.182357271692123
10.368545840400515
12.111606859423134
9.480518875233628
10.794960764190762
11.152023763740512
10.794960764190762
11.415017320773135
11.284020763045092
12.620342953801138
10.491503781332284
11.269404252385872
10.628744736604489
10.643923876904811
10.05703219241597
11.530636962849705
10.460850402078137
9.675046114990243
11.451230745865882
10.9148192751537
10.674240703261514
10.764862244009226
9.480518875233628
9.867188685071996
9.233867108213433
9.867188685071996
8.915587399587974
10.306719195138271
8.043582955293932
10.119816526514342
8.07052941362897
8.676649495168862
8.2488702369803
8.71102108672751
8.520970554979645
8.676649495168862
9.150757556817236
8.71102108672751
5.965860528261986
8.468705344412621
7.826120792240179
7.898986228564233
7.474630108676697
7.323860271154622
7.228756555322953
8.007573708966204
7.66075260064985
7.716096862129298
6.195793280364084
7.036467886260256
6.752500250000493
7.9352760716075945
7.18094737632215
7.200091827045153
7.3805980449456765
5.557934875480939
5.157730481372523
6.5629726907401515
7.455876265060038
7.075151852257623
4.2370884433993155
5.688291646607798
7.304893912399379
7.075151852257623
6.752500250000493
6.462063645441324
5.292707935887323
5.337343319109356
2.5132101744728157
6.154310870109944
5.688291646607798
6.8117685797634575
5.986945761405142
6.195793280364084
7.152178449967822
3.782999065065411
3.494815172056544
5.601549879044594
4.9981632993693985
5.94473807484985
6.112686395559482
5.514154661795958
3.962049198956219
5.157730481372523
4.766108438479101
5.157730481372523
4.1129979369486325
4.624442944398915
3.7571522588314785
5.514154661795958
4.212390968472041
6.029005349444722
4.671873729054749
4.600647969522305
3.2659908190428215
3.962049198956219
5.157730481372523
6.360330811826106
4.64818474594794
4.882754404760931
4.359692675134351
4.695510244674605
3.494815172056544
4.64818474594794
3.4146887169127194
0.7044384514659354
4.025220721014101
5.247895426040888
4.0378073182132646
4.212390968472041
3.8601329718326944
4.408329997330664
2.77611542883308
3.70525214468533
3.911222085712904
3.387827924036163
4.025220721014101
3.8216417397829403
4.600647969522305
5.157730481372523
3.347392009204352
4.789538517199956
5.381803659589924
4.335288182638248
4.310825927787324
3.653072991634229
3.1701095462872804
4.64818474594794
3.0033663737852017
5.247895426040888
3.936668140648239
3.6006102499641752
3.059288441743483
4.162815962263032
3.087120422650818
4.836246694508317
4.1129979369486325
3.547859244962515
3.1148674198151713
4.612552125962097
2.7183772004944267
3.885710532241612
1.7361802492240868
2.6602540378443873
1.8173595997057168
3.653072991634229
2.36358146666217
2.1494871871880026
2.040302522073697
3.4414730917063014
1.7361802492240868
2.7472939538551877
1.7524841245248677
2.8477583761554133
3.211323729436767
3.3338744431887513
3.1563302604473513
1.8817010931151232
2.5132101744728157
3.197606188349205
3.0453403373329095
2.77611542883308
2.2419228902782713
1.8011913102157582
2.2725052695264836
3.387827924036163
2.9470947826937124
1.993052538854533
1.865665062071158
2.5575886342078427
1.334022006230878
2.5428214297033023
1.4704806276491214
2.8620174641756115
2.118441408859887
2.2419228902782713
3.211323729436767
1.993052538854533
0.07195906348905456
2.631045677955221
2.0872764515651614
3.1701095462872804
2.5575886342078427
2.5428214297033023
1.1949758003537978
3.2932037728458514
0.4745032179459088
3.1425302069973284
2.7617165423036134
2.2725052695264836
2.0088335069106122
3.428090415820634
1.8011913102157582
0.9084927970775745
1.865665062071158
2.5870468577604573
1.0531889771559895
3.70525214468533
1.0889015547209606
2.9470947826937124
2.118441408859887
2.2112266089934707
2.055990932156634
2.689364217539193
1.5377836144440913
2.36358146666217
2.5575886342078427
2.1339791099815457
1.604490964442185
3.70525214468533
2.8334762709990358
3.387827924036163
1.6376261582597333
3.1701095462872804
1.52101433090355
2.9470947826937124
2.6602540378443873
2.804842561071295
1.6376261582597333
0.009252125773315356
0.9084927970775745
2.8477583761554133
0.9812157778838024
2.333333333333334
2.333333333333334
2.302975005345612
1.865665062071158
3.974715509474418
1.5377836144440913
2.9470947826937124
2.333333333333334
2.6602540378443873
2.9470947826937124
3.731236802019037
2.7617165423036134
4.408329997330664
4.212390968472041
3.808777763417888
4.742627257986774
3.1148674198151713
3.1148674198151713
3.653072991634229
3.70525214468533
3.387827924036163
3.387827924036163
3.653072991634229
3.70525214468533
4.137937550497034
3.087120422650818
3.9873657561678773
2.7183772004944267
3.073215103987799
3.70525214468533
4.384039812533599
3.679197729505722
3.360890055238478
0.35641726163728205
3.2796072713833713
1.604490964442185
1.865665062071158
2.9470947826937124
1.7361802492240868
2.7472939538551877
2.631045677955221
1.993052538854533
3.197606188349205
0.1340249939385334
1.2299880548122122
1.865665062071158
2.333333333333334
1.8011913102157582
1.4366007223078956
1.0889015547209606
2.055990932156634
2.2419228902782713
2.77611542883308
-1.0507627360420981
1.1949758003537978
2.1494871871880026
2.302975005345612
1.654139963827327
3.387827924036163
3.1148674198151713
1.0710678118654755
2.77611542883308
1.7361802492240868
3.808777763417888
2.77611542883308
2.1339791099815457
3.2796072713833713
2.6602540378443873
2.1339791099815457
2.7472939538551877
2.4834955631329816
1.0710678118654755
2.7328475460542805
2.890467031624608
2.333333333333334
2.5428214297033023
2.7472939538551877
2.2112266089934707
2.393720596645176
2.7472939538551877
3.0033663737852017
1.6376261582597333
2.118441408859887
2.7183772004944267
3.6006102499641752
2.8334762709990358
2.8334762709990358
1.604490964442185
3.1148674198151713
2.423751893283418
2.333333333333334
3.2250208726598615
2.423751893283418
2.8620174641756115
2.5132101744728157
3.087120422650818
1.5377836144440913
2.6017381377195505
2.2419228902782713
2.0872764515651614
3.059288441743483
2.36358146666217
1.865665062071158
1.993052538854533
2.36358146666217
0.030226891555273028
1.7361802492240868
2.77611542883308
1.993052538854533
1.9296146109875911
2.36358146666217
2.040302522073697
2.4834955631329816
1.865665062071158
2.5870468577604573
0.19546918189723428
2.302975005345612
0.7607004597948812
2.5428214297033023
2.024583440524461
3.428090415820634
2.102873913406629
3.387827924036163
2.1804151434503574
2.333333333333334
2.890467031624608
3.962049198956219
3.6006102499641752
3.3338744431887513
4.137937550497034
3.7571522588314785
3.1701095462872804
3.885710532241612
3.962049198956219
4.212390968472041
2.9470947826937124
3.4414730917063014
3.70525214468533
4.432563627334552
3.2796072713833713
3.731236802019037
1.865665062071158
3.653072991634229
2.5723303998882656
4.504929097977547
3.387827924036163
3.360890055238478
3.197606188349205
3.62687735856065
1.5712107567569626
3.059288441743483
2.2419228902782713
3.6006102499641752
2.0088335069106122
2.876253645985946
3.70525214468533
3.0033663737852017
1.6706182174831152
1.865665062071158
2.77611542883308
3.62687735856065
1.4704806276491214
2.378664583453631
1.2648315725677897
2.975274678557506
3.0173794038584916
3.6006102499641752
2.6602540378443873
1.487363091276265
2.118441408859887
2.8334762709990358
1.5377836144440913
2.5428214297033023
2.2419228902782713
3.059288441743483
1.7524841245248677
2.2572282384477056
2.890467031624608
3.2796072713833713
2.2572282384477056
1.865665062071158
1.1949758003537978
2.5428214297033023
2.7904907299153265
2.5132101744728157
1.334022006230878
3.2250208726598615
1.0889015547209606
1.5377836144440913
2.2112266089934707
1.993052538854533
1.9136756710306644
2.876253645985946
1.6706182174831152
3.4414730917063014
1.5377836144440913
2.1804151434503574
2.36358146666217
2.9470947826937124
2.1494871871880026
2.8620174641756115
1.5712107567569626
2.2419228902782713
1.554515674132067
3.4414730917063014
2.5723303998882656
2.8620174641756115
1.604490964442185
2.333333333333334
2.6017381377195505
2.7183772004944267
1.8977045635891816
1.3683735853259575
1.7687537838147085
3.4681816969502997
2.302975005345612
2.6017381377195505
(-5.999999999999999+8.133979109981546j)
-1.0507627360420981
2.055990932156634
3.962049198956219
