1.5712107567569626
4.162815962263032
3.2250208726598615
3.70525214468533
3.494815172056544
3.834488889473196
3.808777763417888
3.885710532241612
2.8334762709990358
4.64818474594794
1.1949758003537978
2.4834955631329816
1.2299880548122122
3.718253158075502
3.1701095462872804
4.600647969522305
1.6706182174831152
3.1148674198151713
2.164965809277261
3.387827924036163
2.7472939538551877
-0.6818397652168953
1.993052538854533
1.4704806276491214
2.4536765057959524
2.055990932156634
1.6210765696722982
2.9470947826937124
0.9084927970775745
1.2648315725677897
0.7793507033930593
2.4834955631329816
2.9893314995098947
2.040302522073697
0.9267451216136129
2.1339791099815457
2.024583440524461
1.9296146109875911
1.2299880548122122
-0.2924823630795865
1.4704806276491214
1.4025657577612778
1.4704806276491214
3.911222085712904
2.7472939538551877
1.2648315725677897
4.408329997330664
4.859525446781408
-0.5644269349539099
1.5377836144440913
2.2572282384477056
2.2419228902782713
1.1949758003537978
2.118441408859887
1.4704806276491214
2.333333333333334
2.2419228902782713
1.4196027555729058
2.5132101744728157
-1.0
1.993052538854533
3.4012679136294377
2.631045677955221
3.6006102499641752
2.6017381377195505
1.52101433090355
0.609604276117345
1.2995087699672156
1.4704806276491214
1.865665062071158
1.993052538854533
2.36358146666217
0.37625012500024635
3.3338744431887513
1.7361802492240868
-4.670459941304224
2.7183772004944267
2.4834955631329816
0.9631062382279136
2.9470947826937124
1.604490964442185
2.2419228902782713
1.1597923337640363
2.1804151434503574
-0.518165904507411
1.5042075739635106
-0.5644269349539099
1.8817010931151232
2.2419228902782713
2.4834955631329816
2.36358146666217
2.2572282384477056
1.1949758003537978
1.833494518006403
2.4834955631329816
3.1287092917527684
1.5042075739635106
-2.8617704276957605
1.7524841245248677
1.8011913102157582
2.2112266089934707
3.70525214468533
1.993052538854533
2.96119580764924
1.3683735853259575
3.031370691409837
2.5428214297033023
2.333333333333334
1.5042075739635106
2.7183772004944267
3.1148674198151713
3.808777763417888
1.5377836144440913
1.017294652672371
1.3683735853259575
4.480862791225007
2.7472939538551877
3.087120422650818
4.212390968472041
3.3338744431887513
2.36358146666217
3.547859244962515
3.6006102499641752
2.333333333333334
0.8349961022060377
-2.94329681790424
(-5.999999999999999+7.654139963827327j)
3.494815172056544
3.073215103987799
3.1148674198151713
2.102873913406629
2.8334762709990358
3.059288441743483
2.674821338363417
0.8534441684234197
2.5428214297033023
1.9296146109875911
1.865665062071158
3.252354327740621
1.9136756710306644
1.604490964442185
1.993052538854533
2.6602540378443873
0.1545745489666368
2.6602540378443873
2.4834955631329816
0.9812157778838024
2.4834955631329816
0.17505571888328308
1.2648315725677897
2.1804151434503574
0.29654386520610654
0.2158156050806106
1.6706182174831152
3.059288441743483
1.8011913102157582
2.287754140107481
1.8011913102157582
1.6706182174831152
2.8334762709990358
2.423751893283418
-0.03291858560144956
0.2158156050806106
1.6210765696722982
2.4387274640268615
2.1339791099815457
0.9449494765853581
2.8620174641756115
1.1949758003537978
0.5327457991848785
0.1340249939385334
1.9455215770466037
0.6855792342152149
1.4704806276491214
1.6706182174831152
1.7687537838147085
1.6706182174831152
3.6006102499641752
1.1244351184901502
(-6+2.7979068655483923j)
0.9267451216136129
3.6006102499641752
2.393720596645176
2.378664583453631
-1.2592461069206013
1.9296146109875911
2.393720596645176
1.8977045635891816
0.4353819944228192
0.9449494765853581
2.333333333333334
2.2725052695264836
0.9631062382279136
2.055990932156634
0.7607004597948812
1.2299880548122122
1.7034689811431285
2.6602540378443873
0.9084927970775745
2.6602540378443873
0.41573192719397856
1.334022006230878
1.1597923337640363
2.9470947826937124
2.4834955631329816
3.808777763417888
0.37625012500024635
2.333333333333334
2.7183772004944267
3.387827924036163
1.865665062071158
-0.13967284672311564
0.4939754520414672
2.4834955631329816
0.6855792342152149
3.2796072713833713
1.0531889771559895
2.1804151434503574
1.5042075739635106
1.7361802492240868
-1.1020515529561772
2.77611542883308
-0.2046692427559762
2.77611542883308
3.197606188349205
2.0872764515651614
3.4681816969502997
1.4025657577612778
1.7361802492240868
2.4834955631329816
3.808777763417888
4.695510244674605
2.7183772004944267
3.387827924036163
1.654139963827327
3.8601329718326944
3.8601329718326944
3.7571522588314785
-0.8262511881927654
2.689364217539193
1.993052538854533
4.600647969522305
3.2932037728458514
3.347392009204352
2.2419228902782713
4.2370884433993155
3.6006102499641752
1.3683735853259575
1.865665062071158
1.334022006230878
0.7607004597948812
2.378664583453631
2.024583440524461
2.287754140107481
2.9470947826937124
1.1244351184901502
(-6+5.751591786697669j)
2.2419228902782713
2.1804151434503574
1.7361802492240868
0.45497224367902867
2.4387274640268615
1.604490964442185
2.071648849616487
1.654139963827327
-1.4218348697763243
2.7183772004944267
2.302975005345612
2.631045677955221
1.7361802492240868
2.6456621925376407
1.865665062071158
1.1949758003537978
3.1148674198151713
1.0531889771559895
2.4834955631329816
-1.5904144815590158
2.055990932156634
1.7687537838147085
0.9812157778838024
1.4366007223078956
3.1148674198151713
2.333333333333334
1.52101433090355
2.2572282384477056
2.631045677955221
3.0033663737852017
0.9631062382279136
2.6602540378443873
2.890467031624608
3.547859244962515
2.6602540378443873
1.833494518006403
2.975274678557506
2.1494871871880026
3.2796072713833713
2.055990932156634
2.0088335069106122
-1.9485630432966854
1.604490964442185
2.7617165423036134
3.3338744431887513
1.7687537838147085
1.4366007223078956
1.334022006230878
3.494815172056544
2.77611542883308
2.302975005345612
2.118441408859887
2.1804151434503574
1.2995087699672156
3.4146887169127194
2.5132101744728157
1.7687537838147085
0.7607004597948812
0.666666666666667
2.616404368553292
3.087120422650818
3.387827924036163
3.731236802019037
2.393720596645176
3.1701095462872804
2.7183772004944267
2.9470947826937124
0.7607004597948812
1.0531889771559895
1.654139963827327
3.3067804108704326
3.8601329718326944
3.962049198956219
2.7617165423036134
2.7904907299153265
2.055990932156634
-0.18292308471137364
2.024583440524461
2.9470947826937124
0.609604276117345
3.059288441743483
1.7361802492240868
2.8334762709990358
3.494815172056544
(-6+6.071959063489055j)
1.1949758003537978
3.885710532241612
3.808777763417888
4.1129979369486325
4.480862791225007
3.62687735856065
3.1701095462872804
4.1129979369486325
3.8601329718326944
3.494815172056544
2.393720596645176
4.286305498481017
3.962049198956219
5.270323953649337
3.8216417397829403
3.6399840730829496
4.1129979369486325
4.612552125962097
2.0088335069106122
4.5289403958131444
5.089625691600144
3.494815172056544
2.2725052695264836
3.3338744431887513
3.70525214468533
4.2370884433993155
3.4681816969502997
2.890467031624608
2.804842561071295
4.212390968472041
3.6006102499641752
4.468808890984667
2.0872764515651614
3.5346258924559244
3.9873657561678773
5.043989178267832
2.4834955631329816
3.87293003493631
5.11237366564176
4.212390968472041
4.0378073182132646
3.9493667632618212
4.4567410957446185
4.408329997330664
3.059288441743483
4.671873729054749
4.600647969522305
4.929064207170002
2.77611542883308
4.882754404760931
3.7442031459475924
4.137937550497034
3.962049198956219
5.078234188139946
4.4567410957446185
4.952145677879516
4.224747162910903
4.5289403958131444
4.905933886623096
4.125475422184014
4.012618301549564
5.859872075893806
3.808777763417888
5.470207346236448
4.71909463989333
5.514154661795958
5.078234188139946
5.247895426040888
3.3338744431887513
5.337343319109356
3.6006102499641752
5.568854041709743
5.247895426040888
6.17506974240079
4.894350310453062
4.310825927787324
5.536065537296853
2.333333333333334
-2.7823090027885904
5.881145406130512
6.762397418933007
6.401124093721457
4.504929097977547
6.360330811826106
6.762397418933007
6.8019095797810145
4.249414863810765
5.157730481372523
6.401124093721457
7.3805980449456765
6.95875352529297
6.482310715892343
6.049980091353687
7.3805980449456765
6.712834523274564
5.337343319109356
4.894350310453062
6.195793280364084
6.451927764426882
6.112686395559482
5.64500152881315
6.329647278823593
6.27833766263071
7.66075260064985
5.11237366564176
7.036467886260256
7.67922556730505
7.036467886260256
6.683003818440877
6.683003818440877
6.268049987877067
7.752869305763586
7.455876265060038
5.135075167680682
7.697673620957051
9.167415898909908
6.683003818440877
9.217281510363689
7.605183207182845
8.043582955293932
8.590366269521404
7.455876265060038
7.605183207182845
8.328399432701138
6.195793280364084
8.745312557699226
9.291775038836526
8.538350537926796
8.881688293491653
9.610473044942255
9.2835159104788
8.65081788319221
8.573048321258577
9.642792899510294
9.217281510363689
9.41513096364292
7.898986228564233
9.150757556817236
8.839205511145812
9.739354266527988
8.966292092228423
9.25043466842036
8.856213202127611
8.779524465771672
7.898986228564233
9.117385803615438
8.398723287959678
7.651506743346552
8.293107754891142
9.083940218830508
8.503569745188091
7.304893912399379
8.81365736219265
9.480518875233628
8.607663686703578
9.851265762160015
9.20067781582802
9.233867108213433
8.468705344412621
9.56997888323046
10.453178133937246
9.835326828252576
8.328399432701138
9.316525702520126
10.376257758774383
9.431503916706017
10.794960764190762
10.244657241348275
10.681811301019692
8.573048321258577
9.835326828252576
9.89898669028243
9.316525702520126
10.21353717973928
9.658927811380325
11.181444066259978
9.291775038836526
9.930721226230744
10.306719195138271
10.794960764190762
9.930721226230744
10.460850402078137
9.41513096364292
9.2835159104788
9.994001400777757
10.322197812002567
10.182357271692123
10.56788910799893
10.476184220402686
6.164694734344879
8.301938838683885
9.578086136517788
9.962392671463128
10.127647382709299
9.89898669028243
11.181444066259978
9.545631755148026
10.825005440736359
10.244657241348275
9.192369163763788
9.033632329217747
9.723301886761007
9.962392671463128
10.445502286477769
9.349464505514863
10.368545840400515
9.739354266527988
9.349464505514863
8.195603245905104
9.707233101892
9.930721226230744
10.158932858054431
9.642792899510294
9.349464505514863
10.104143390551215
10.430139833534437
10.643923876904811
9.20067781582802
8.693845341131468
9.150757556817236
9.675046114990243
8.398723287959678
9.2835159104788
8.061552998416381
9.33300394903132
9.771410011073003
8.745312557699226
8.949409636666209
9.578086136517788
10.088454986057048
9.480518875233628
9.755390291335955
9.382332775498053
8.796600756234318
7.530735681433146
7.771218705926671
8.676649495168862
11.415017320773135
8.293107754891142
9.994001400777757
9.067189585991212
10.119816526514342
9.691147861521197
9.480518875233628
8.257728721042083
9.33300394903132
8.642197218789926
9.050420310248864
7.3994572481669785
8.503569745188091
4.100505037878158
9.150757556817236
7.065491598369757
7.898986228564233
5.514154661795958
6.360330811826106
7.605183207182845
6.722762548624685
7.304893912399379
8.222261679238198
6.216481663818934
7.789543689024491
7.67922556730505
6.8019095797810145
6.683003818440877
6.37054174360618
6.070918387060312
5.891767800211262
6.288616724843402
7.152178449967822
6.762397418933007
7.455876265060038
6.123105912665162
5.247895426040888
6.683003818440877
6.8019095797810145
5.470207346236448
6.029005349444722
5.601549879044594
4.9751786069542145
5.859872075893806
6.195793280364084
5.601549879044594
6.542855828049383
5.470207346236448
4.347497623614469
6.5227066490508285
5.64500152881315
6.154310870109944
6.997668788647985
4.836246694508317
7.247831917149709
4.552897060221728
6.154310870109944
3.7700842091839437
0.05112895385329086
4.408329997330664
5.64500152881315
5.270323953649337
4.71909463989333
5.1690409054437065
5.64500152881315
5.448170424159752
3.387827924036163
3.885710532241612
4.695510244674605
4.212390968472041
5.688291646607798
3.6006102499641752
4.1129979369486325
5.214168527250505
5.64500152881315
2.423751893283418
6.029005349444722
5.348474733984247
5.568854041709743
6.3194024517294185
5.180339887498949
4.695510244674605
5.11237366564176
2.9470947826937124
2.5428214297033023
4.468808890984667
4.552897060221728
2.6602540378443873
3.3067804108704326
2.6602540378443873
2.8334762709990358
2.423751893283418
3.4414730917063014
0.609604276117345
3.087120422650818
3.4414730917063014
2.9470947826937124
3.494815172056544
3.1425302069973284
3.494815172056544
3.2796072713833713
4.766108438479101
3.0033663737852017
4.012618301549564
1.035264706814485
2.7183772004944267
2.9470947826937124
0.3165647229320703
4.882754404760931
4.1129979369486325
3.834488889473196
5.337343319109356
4.600647969522305
3.9493667632618212
3.8601329718326944
2.689364217539193
4.552897060221728
4.162815962263032
4.600647969522305
4.64818474594794
4.600647969522305
3.3338744431887513
4.408329997330664
4.742627257986774
5.157730481372523
2.36358146666217
3.731236802019037
3.679197729505722
4.882754404760931
3.936668140648239
4.261726477695179
2.1804151434503574
2.77611542883308
1.1244351184901502
3.252354327740621
(-6+6.723244767373876j)
2.9470947826937124
1.993052538854533
2.2419228902782713
3.1425302069973284
4.261726477695179
2.6602540378443873
0.9084927970775745
1.7361802492240868
1.7361802492240868
0.39602149066831327
3.4681816969502997
3.547859244962515
3.911222085712904
2.36358146666217
3.494815172056544
1.7361802492240868
1.9296146109875911
2.77611542883308
2.6017381377195505
1.1949758003537978
3.1701095462872804
2.9470947826937124
1.8977045635891816
1.017294652672371
1.7361802492240868
(-6+1.8118576883486968j)
3.494815172056544
2.378664583453631
3.4815077861587973
1.1244351184901502
1.4025657577612778
1.865665062071158
3.2386977087431195
1.0531889771559895
1.604490964442185
1.6706182174831152
2.8191710368819685
2.4834955631329816
3.70525214468533
2.5132101744728157
1.9296146109875911
2.0088335069106122
2.36358146666217
(-6+4.522670168666455j)
1.3512178610352752
0.37625012500024635
1.6706182174831152
0.6477002934788807
1.7687537838147085
1.8977045635891816
2.055990932156634
2.7328475460542805
0.6855792342152149
1.4704806276491214
2.8334762709990358
-0.7056347849526823
(-6+7.194975800353798j)
1.1949758003537978
2.2419228902782713
2.7617165423036134
1.833494518006403
0.9084927970775745
2.6602540378443873
2.164965809277261
2.8334762709990358
1.7524841245248677
1.604490964442185
2.1494871871880026
2.1494871871880026
1.78498944161523
-0.07538945575237843
-0.6581507382411536
0.7607004597948812
2.9893314995098947
3.494815172056544
0.609604276117345
1.5042075739635106
1.8817010931151232
2.118441408859887
2.4834955631329816
2.6017381377195505
1.7034689811431285
-0.5644269349539099
0.7979497800528961
1.334022006230878
1.4704806276491214
2.8334762709990358
2.2419228902782713
3.0033663737852017
2.2419228902782713
3.808777763417888
1.7687537838147085
4.012618301549564
0.9084927970775745
3.2932037728458514
4.742627257986774
4.310825927787324
3.1838681579949935
3.031370691409837
2.5428214297033023
3.031370691409837
3.1148674198151713
0.9084927970775745
(-5.999999999999999+8.180415143450357j)
2.2419228902782713
2.333333333333334
3.387827924036163
2.6017381377195505
3.70525214468533
1.247430753394787
3.1701095462872804
-1.0763403608266904
2.2419228902782713
1.4704806276491214
2.9470947826937124
1.7524841245248677
2.9470947826937124
2.4834955631329816
1.0531889771559895
2.2419228902782713
0.09271795844942421
1.1949758003537978
2.5723303998882656
3.1838681579949935
3.3338744431887513
0.9631062382279136
2.5132101744728157
2.36358146666217
3.494815172056544
-2.0113798239126712
2.36358146666217
1.1949758003537978
1.865665062071158
1.385489458759964
2.7183772004944267
0.7979497800528961
1.247430753394787
0.37625012500024635
-1.561873177007027
2.024583440524461
-0.6110850776428061
1.993052538854533
1.4025657577612778
1.5712107567569626
2.4834955631329816
1.4704806276491214
3.4414730917063014
-0.6581507382411536
2.2572282384477056
2.1804151434503574
3.6006102499641752
0.7044384514659354
1.604490964442185
2.1494871871880026
3.1148674198151713
2.9470947826937124
0.030226891555273028
1.1949758003537978
0.05112895385329086
2.5280286542244177
2.77611542883308
0.9812157778838024
2.9893314995098947
1.865665062071158
2.5280286542244177
0.8349961022060377
2.4983658559879753
2.024583440524461
2.1804151434503574
1.1597923337640363
1.8011913102157582
2.804842561071295
2.4834955631329816
2.7472939538551877
3.2796072713833713
2.5428214297033023
2.36358146666217
2.6017381377195505
0.9812157778838024
-0.8999900970585344
1.8011913102157582
0.6286796527961691
3.4548368253470887
2.77611542883308
2.055990932156634
1.8817010931151232
1.4704806276491214
3.1701095462872804
1.5377836144440913
1.3683735853259575
1.993052538854533
1.8011913102157582
1.1949758003537978
0.609604276117345
2.8334762709990358
1.7034689811431285
-2.821791369181359
0.6477002934788807
1.833494518006403
1.833494518006403
3.387827924036163
2.040302522073697
1.8977045635891816
0.1340249939385334
3.547859244962515
3.653072991634229
1.654139963827327
1.604490964442185
3.8216417397829403
3.9873657561678773
3.911222085712904
1.8011913102157582
4.125475422184014
2.36358146666217
4.1129979369486325
1.9296146109875911
-0.8999900970585344
4.600647969522305
3.885710532241612
2.890467031624608
3.0033663737852017
1.993052538854533
4.600647969522305
1.2125031729769127
1.7361802492240868
2.7328475460542805
3.4414730917063014
0.19546918189723428
2.804842561071295
1.993052538854533
1.993052538854533
2.8334762709990358
2.8334762709990358
0.2158156050806106
1.106690545187015
0.6855792342152149
3.387827924036163
2.302975005345612
3.1701095462872804
-0.03291858560144956
2.7472939538551877
0.666666666666667
0.7607004597948812
2.1339791099815457
2.77611542883308
1.0710678118654755
1.78498944161523
1.6870611478580742
1.6706182174831152
1.0889015547209606
2.77611542883308
-0.2046692427559762
2.8620174641756115
1.7361802492240868
1.865665062071158
1.4366007223078956
0.35641726163728205
-0.2046692427559762
2.9470947826937124
1.6870611478580742
1.8977045635891816
0.7232447673738758
2.2419228902782713
2.024583440524461
2.4834955631329816
0.590473688161075
3.4681816969502997
1.334022006230878
2.890467031624608
0.7607004597948812
2.4834955631329816
1.7361802492240868
0.1340249939385334
1.2648315725677897
1.7687537838147085
2.302975005345612
2.616404368553292
1.6210765696722982
3.360890055238478
1.247430753394787
2.631045677955221
1.9296146109875911
2.8620174641756115
1.7361802492240868
1.865665062071158
