3.8601329718326944
3.4146887169127194
3.808777763417888
3.70525214468533
3.885710532241612
(-5.999999999999999+8.10287391340663j)
2.6017381377195505
2.7183772004944267
2.3484710993672184
3.2796072713833713
1.6210765696722982
1.993052538854533
1.7361802492240868
2.4834955631329816
0.41573192719397856
1.865665062071158
2.1494871871880026
0.9084927970775745
2.2419228902782713
3.62687735856065
1.4704806276491214
4.261726477695179
2.2725052695264836
2.2572282384477056
2.3181680189762464
3.387827924036163
-2.902265409051383
2.6602540378443873
-0.5412474137418721
2.631045677955221
1.52101433090355
2.7183772004944267
2.5428214297033023
2.7472939538551877
1.1597923337640363
2.9470947826937124
2.393720596645176
2.36358146666217
1.1949758003537978
2.5723303998882656
1.106690545187015
2.6602540378443873
0.8349961022060377
2.6017381377195505
1.0531889771559895
3.2796072713833713
3.059288441743483
3.911222085712904
3.7571522588314785
4.836246694508317
1.334022006230878
1.993052538854533
2.2112266089934707
(-5.999999999999999+8.333333333333334j)
2.302975005345612
-3.538170180413345
1.4704806276491214
2.2725052695264836
1.2648315725677897
3.8601329718326944
0.9449494765853581
-1.0
2.7472939538551877
2.4983658559879753
-0.6581507382411536
2.1494871871880026
-2.8617704276957605
3.059288441743483
2.1339791099815457
2.423751893283418
1.5878691063932813
1.865665062071158
1.604490964442185
0.666666666666667
1.993052538854533
1.9296146109875911
1.5712107567569626
0.6855792342152149
1.9296146109875911
2.9470947826937124
0.8349961022060377
2.6017381377195505
-1.0507627360420981
2.7183772004944267
(-5.999999999999999+8.36358146666217j)
3.197606188349205
2.2112266089934707
2.2725052695264836
0.8349961022060377
2.055990932156634
3.4146887169127194
0.7607004597948812
0.9631062382279136
0.2158156050806106
0.8164981086072682
5.066830958984937
1.4196027555729058
3.547859244962515
2.9470947826937124
2.975274678557506
-0.2264973081037418
3.7442031459475924
2.2419228902782713
4.408329997330664
3.2386977087431195
3.1701095462872804
0.33652232312923847
4.012618301549564
4.137937550497034
2.631045677955221
2.118441408859887
2.77611542883308
3.0033663737852017
3.1701095462872804
1.833494518006403
2.8334762709990358
2.9470947826937124
3.808777763417888
0.9084927970775745
1.6706182174831152
-3.2475905871840984
2.4834955631329816
1.5712107567569626
1.9296146109875911
1.993052538854533
4.261726477695179
3.087120422650818
3.5213741474939244
2.5132101744728157
4.504929097977547
2.5280286542244177
-0.5644269349539099
1.316785737969477
2.2725052695264836
1.8173595997057168
2.7183772004944267
1.8011913102157582
2.7472939538551877
1.865665062071158
2.96119580764924
1.2995087699672156
2.1494871871880026
1.9296146109875911
1.993052538854533
1.865665062071158
3.031370691409837
1.4704806276491214
1.1597923337640363
1.3683735853259575
2.423751893283418
-0.3146475638503885
2.118441408859887
2.024583440524461
2.118441408859887
2.1804151434503574
1.604490964442185
1.4704806276491214
3.0033663737852017
-2.0113798239126712
1.8011913102157582
1.334022006230878
2.689364217539193
2.36358146666217
2.7183772004944267
2.1804151434503574
3.808777763417888
2.2419228902782713
2.2725052695264836
0.37625012500024635
1.0889015547209606
1.2995087699672156
2.6017381377195505
0.39602149066831327
1.7687537838147085
1.2648315725677897
2.1494871871880026
1.2648315725677897
-1.9175170953613696
1.4704806276491214
3.1701095462872804
1.5042075739635106
2.6602540378443873
1.0710678118654755
2.333333333333334
1.4704806276491214
0.5712874067277101
-4.259223440443021
0.9449494765853581
0.8349961022060377
2.3181680189762464
2.7328475460542805
2.287754140107481
1.0531889771559895
2.689364217539193
2.1339791099815457
0.09271795844942421
-0.8507134945556274
1.4366007223078956
1.833494518006403
2.6602540378443873
1.4366007223078956
2.055990932156634
1.6706182174831152
2.1494871871880026
0.609604276117345
2.8334762709990358
2.2419228902782713
1.7524841245248677
0.5327457991848785
3.059288441743483
2.1804151434503574
2.6602540378443873
2.9470947826937124
1.865665062071158
2.2419228902782713
4.212390968472041
3.1701095462872804
4.4567410957446185
0.37625012500024635
3.834488889473196
3.70525214468533
4.162815962263032
3.6399840730829496
2.6456621925376407
3.1701095462872804
3.059288441743483
3.2932037728458514
2.7183772004944267
2.8620174641756115
2.118441408859887
2.9470947826937124
3.731236802019037
2.890467031624608
4.261726477695179
1.865665062071158
1.993052538854533
1.7361802492240868
3.4681816969502997
1.604490964442185
0.9084927970775745
0.6286796527961691
2.5132101744728157
2.0088335069106122
2.7183772004944267
2.8191710368819685
-0.2924823630795865
3.547859244962515
1.78498944161523
2.3181680189762464
1.993052538854533
1.5712107567569626
0.9992784620915742
2.0872764515651614
2.7183772004944267
-0.35923925182233774
1.8011913102157582
0.45497224367902867
3.3338744431887513
3.1148674198151713
1.1949758003537978
3.059288441743483
1.993052538854533
1.8011913102157582
-1.8561229299462596
1.5377836144440913
2.423751893283418
2.5132101744728157
1.2125031729769127
1.3683735853259575
2.1804151434503574
2.024583440524461
2.1804151434503574
-0.2924823630795865
3.252354327740621
2.7472939538551877
3.2796072713833713
2.3181680189762464
1.2995087699672156
1.8011913102157582
1.8977045635891816
1.9296146109875911
-0.35923925182233774
1.554515674132067
-2.7433052636053517
2.2725052695264836
3.0033663737852017
1.4704806276491214
2.423751893283418
2.5428214297033023
1.7687537838147085
-1.795625174087391
1.993052538854533
2.689364217539193
2.4834955631329816
0.29654386520610654
2.2419228902782713
1.0531889771559895
3.4681816969502997
2.7328475460542805
-0.2046692427559762
2.8334762709990358
3.1148674198151713
1.993052538854533
1.8817010931151232
1.993052538854533
2.689364217539193
2.7472939538551877
2.890467031624608
0.2360956446232363
2.9470947826937124
0.05112895385329086
2.77611542883308
3.1838681579949935
1.604490964442185
2.804842561071295
3.387827924036163
1.833494518006403
0.590473688161075
2.2419228902782713
3.1701095462872804
2.4834955631329816
0.2158156050806106
2.7183772004944267
2.8334762709990358
2.876253645985946
0.4745032179459088
2.7183772004944267
3.252354327740621
2.77611542883308
4.5289403958131444
3.679197729505722
3.885710532241612
2.36358146666217
3.911222085712904
4.125475422184014
4.766108438479101
2.055990932156634
2.302975005345612
2.9470947826937124
0.37625012500024635
3.2250208726598615
3.3338744431887513
4.1129979369486325
3.3067804108704326
3.653072991634229
3.731236802019037
4.4567410957446185
4.742627257986774
1.78498944161523
2.6017381377195505
3.031370691409837
3.62687735856065
2.4834955631329816
(-5.999999999999999+7.419602755572906j)
3.8601329718326944
2.9470947826937124
3.387827924036163
2.9470947826937124
2.302975005345612
2.2419228902782713
3.547859244962515
3.2796072713833713
3.808777763417888
3.059288441743483
3.2250208726598615
3.5213741474939244
3.6006102499641752
2.9470947826937124
2.36358146666217
4.4567410957446185
2.7472939538551877
4.600647969522305
3.808777763417888
4.162815962263032
3.9873657561678773
3.197606188349205
2.0872764515651614
3.70525214468533
4.695510244674605
4.1129979369486325
4.359692675134351
3.911222085712904
4.212390968472041
4.504929097977547
3.031370691409837
3.387827924036163
1.9455215770466037
5.94473807484985
4.836246694508317
3.360890055238478
4.905933886623096
5.078234188139946
3.70525214468533
4.420453856999636
3.4548368253470887
3.962049198956219
4.929064207170002
3.70525214468533
2.975274678557506
4.408329997330664
1.4704806276491214
4.286305498481017
4.859525446781408
4.801234497346433
4.359692675134351
5.7851130197757925
4.9406110294155745
5.381803659589924
5.270323953649337
5.101005505463153
4.359692675134351
5.742179860604585
3.2659908190428215
3.547859244962515
4.162815962263032
5.601549879044594
5.859872075893806
5.881145406130512
5.7851130197757925
6.112686395559482
5.0211000569202024
3.70525214468533
5.709876691119003
6.880570286640685
3.6399840730829496
-4.769085090206673
5.437136040464011
6.360330811826106
4.9751786069542145
5.157730481372523
3.8601329718326944
6.237135071064419
5.247895426040888
5.688291646607798
5.77439440635329
4.71909463989333
4.660035817780523
5.270323953649337
6.762397418933007
6.091820425896227
5.214168527250505
7.036467886260256
7.716096862129298
8.222261679238198
6.216481663818934
6.900160518929267
6.880570286640685
7.67922556730505
7.43709624716425
6.683003818440877
7.190523074916287
6.401124093721457
5.859872075893806
7.43709624716425
7.1233464566863525
7.568010505999364
8.186705969414685
7.549385911762149
6.5227066490508285
7.455876265060038
7.67922556730505
7.752869305763586
6.542855828049383
6.762397418933007
6.860950213885458
8.186705969414685
6.9197210464929135
6.683003818440877
6.441783626071457
6.841300163884881
6.722762548624685
6.195793280364084
6.5227066490508285
6.5227066490508285
7.752869305763586
6.722762548624685
7.493357887149777
8.607663686703578
8.293107754891142
7.18094737632215
6.154310870109944
8.607663686703578
7.898986228564233
8.573048321258577
7.605183207182845
8.257728721042083
7.21920855223469
7.953385599809449
8.468705344412621
5.64500152881315
9.117385803615438
9.25043466842036
8.468705344412621
8.607663686703578
8.061552998416381
8.363604398378957
8.468705344412621
8.745312557699226
8.607663686703578
9.016825580163422
6.683003818440877
9.117385803615438
9.349464505514863
8.520970554979645
8.204494949405163
9.439683882250906
7.97147165484081
5.259115274641999
9.25043466842036
8.676649495168862
8.468705344412621
9.184055965240498
9.431503916706017
8.881688293491653
9.545631755148026
9.349464505514863
7.228756555322953
9.300029708824395
8.257728721042083
9.739354266527988
9.016825580163422
9.41513096364292
9.167415898909908
9.561867406314617
9.316525702520126
8.293107754891142
7.826120792240179
9.016825580163422
9.747374320177887
8.983155525287373
8.607663686703578
9.867188685071996
9.707233101892
8.847711791873705
9.0
9.41513096364292
9.480518875233628
8.573048321258577
8.890170305176893
9.496822743759934
8.779524465771672
9.610473044942255
9.610473044942255
10.794960764190762
8.642197218789926
10.275717799808088
9.0420286618071
9.36590742882148
8.573048321258577
8.830694351563414
10.05703219241597
9.184055965240498
9.89898669028243
9.41513096364292
9.067189585991212
8.915587399587974
9.545631755148026
9.184055965240498
9.150757556817236
10.61355172773423
9.658927811380325
9.610473044942255
10.05703219241597
9.382332775498053
10.55264024226646
8.372392165734157
8.847711791873705
9.016825580163422
9.382332775498053
8.590366269521404
9.675046114990243
8.468705344412621
9.41513096364292
9.994001400777757
9.2835159104788
9.083940218830508
8.676649495168862
9.496822743759934
9.89898669028243
9.117385803615438
8.468705344412621
9.41513096364292
8.097424365371632
8.328399432701138
6.482310715892343
8.745312557699226
8.398723287959678
8.898647487933157
9.184055965240498
9.2835159104788
7.586609569571049
9.016825580163422
8.293107754891142
6.502524997500757
7.9352760716075945
8.115325863841198
7.9352760716075945
8.398723287959678
8.433756729740644
8.822178304721938
8.159980596916457
8.555709768633301
2.6602540378443873
6.8019095797810145
7.771218705926671
8.257728721042083
6.742595393943002
7.304893912399379
6.237135071064419
7.113721705515067
7.026778945578593
6.482310715892343
7.113721705515067
7.304893912399379
5.492202011394818
6.742595393943002
3.4414730917063014
6.929490213141321
6.421470496399744
6.722762548624685
4.742627257986774
5.381803659589924
5.191627462193569
7.66075260064985
6.27833766263071
6.360330811826106
2.9329714987779862
6.623130924752161
6.257753678897503
5.881145406130512
6.772286918610666
6.732682832820904
6.17506974240079
6.70289873862011
4.600647969522305
5.859872075893806
5.64500152881315
5.752927853573899
7.568010505999364
7.036467886260256
4.695510244674605
5.437136040464011
5.470207346236448
5.514154661795958
5.101005505463153
6.360330811826106
6.441783626071457
5.859872075893806
4.1129979369486325
5.547005383792516
3.2796072713833713
6.8019095797810145
3.547859244962515
5.292707935887323
4.70730893579076
6.401124093721457
6.112686395559482
5.426091000668407
4.286305498481017
5.601549879044594
5.57976291168818
3.9873657561678773
5.157730481372523
5.337343319109356
3.8473192783466192
4.766108438479101
3.073215103987799
2.9893314995098947
2.689364217539193
4.71909463989333
1.6210765696722982
4.882754404760931
3.70525214468533
4.212390968472041
4.359692675134351
3.911222085712904
3.70525214468533
4.9751786069542145
4.929064207170002
1.9296146109875911
3.70525214468533
6.3194024517294185
5.370704872299223
4.600647969522305
3.1148674198151713
5.57976291168818
4.71909463989333
5.859872075893806
3.1701095462872804
3.679197729505722
3.4414730917063014
5.514154661795958
5.202903664008296
4.612552125962097
4.012618301549564
6.623130924752161
3.2796072713833713
3.7571522588314785
(-6+5.43557306504609j)
4.905933886623096
4.274023338281628
2.9470947826937124
3.6006102499641752
4.062933283224442
4.660035817780523
4.310825927787324
0.33652232312923847
3.059288441743483
4.162815962263032
3.6006102499641752
4.286305498481017
3.4414730917063014
2.7183772004944267
3.494815172056544
3.962049198956219
1.7034689811431285
2.024583440524461
0.9631062382279136
2.8620174641756115
4.298573010888745
2.904657730251584
4.600647969522305
3.1148674198151713
3.3338744431887513
0.6855792342152149
2.333333333333334
2.2112266089934707
3.547859244962515
1.3512178610352752
1.9296146109875911
0.25630994607956925
3.6006102499641752
2.7183772004944267
0.9812157778838024
1.865665062071158
2.674821338363417
1.993052538854533
3.2796072713833713
2.6456621925376407
2.4834955631329816
-3.2475905871840984
2.071648849616487
2.1804151434503574
2.393720596645176
1.604490964442185
2.024583440524461
3.731236802019037
1.1244351184901502
2.7472939538551877
3.2932037728458514
1.554515674132067
2.3181680189762464
1.7524841245248677
3.4681816969502997
2.1494871871880026
-1.3670045904785892
2.2725052695264836
2.4834955631329816
1.5042075739635106
2.77611542883308
2.1804151434503574
2.8334762709990358
2.7183772004944267
3.387827924036163
3.0173794038584916
0.29654386520610654
0.5327457991848785
0.29654386520610654
3.4815077861587973
3.4815077861587973
1.5377836144440913
2.6602540378443873
2.055990932156634
3.911222085712904
0.8349961022060377
2.9470947826937124
1.2299880548122122
1.4025657577612778
1.017294652672371
3.1701095462872804
2.024583440524461
3.197606188349205
1.865665062071158
0.1340249939385334
1.5377836144440913
2.6602540378443873
2.8334762709990358
2.689364217539193
1.4704806276491214
3.1148674198151713
3.2796072713833713
4.137937550497034
0.7607004597948812
1.1774056256527343
2.2725052695264836
3.653072991634229
2.8334762709990358
3.679197729505722
2.890467031624608
2.77611542883308
2.8334762709990358
0.41573192719397856
2.7183772004944267
2.8334762709990358
2.36358146666217
3.387827924036163
2.7183772004944267
3.936668140648239
0.2158156050806106
3.2796072713833713
0.7607004597948812
3.360890055238478
2.5132101744728157
3.4414730917063014
0.9631062382279136
1.8011913102157582
1.9296146109875911
2.1494871871880026
2.333333333333334
1.0531889771559895
0.666666666666667
2.77611542883308
2.393720596645176
2.6602540378443873
0.666666666666667
1.865665062071158
0.6855792342152149
1.7361802492240868
-0.7535485778240041
2.5428214297033023
2.7183772004944267
-0.5644269349539099
1.993052538854533
1.604490964442185
2.2725052695264836
3.574271077563381
2.2112266089934707
1.8011913102157582
1.4366007223078956
2.024583440524461
1.993052538854533
2.423751893283418
-1.0
2.5428214297033023
2.2725052695264836
2.423751893283418
1.4704806276491214
1.5712107567569626
1.2299880548122122
2.7472939538551877
1.8173595997057168
0.609604276117345
0.45497224367902867
1.1244351184901502
1.2648315725677897
3.3338744431887513
1.3512178610352752
2.7183772004944267
0.4353819944228192
2.333333333333334
-0.2924823630795865
2.024583440524461
2.7183772004944267
3.70525214468533
-0.49518117436819686
0.6286796527961691
1.1244351184901502
3.0173794038584916
2.1804151434503574
-1.8867054665156884
1.6870611478580742
2.302975005345612
1.2648315725677897
2.6602540378443873
2.689364217539193
1.4025657577612778
2.4834955631329816
2.393720596645176
-0.6581507382411536
2.1804151434503574
0.9449494765853581
1.6706182174831152
3.0033663737852017
2.1804151434503574
2.071648849616487
1.3512178610352752
2.2572282384477056
-2.1729300180863365
1.5377836144440913
2.6017381377195505
2.2572282384477056
2.1494871871880026
0.009252125773315356
-0.5644269349539099
-2.0752018645489034
2.2419228902782713
-0.11816698673282655
2.6017381377195505
2.9470947826937124
2.6602540378443873
3.1148674198151713
1.5377836144440913
1.4025657577612778
2.055990932156634
3.197606188349205
1.78498944161523
3.059288441743483
0.41573192719397856
2.3181680189762464
4.062933283224442
2.2112266089934707
2.36358146666217
3.1148674198151713
2.4983658559879753
-0.2264973081037418
2.8620174641756115
2.8334762709990358
3.962049198956219
1.7361802492240868
2.4834955631329816
2.7617165423036134
4.261726477695179
3.653072991634229
1.334022006230878
2.5428214297033023
3.197606188349205
3.073215103987799
3.7571522588314785
2.302975005345612
1.1949758003537978
1.993052538854533
2.8191710368819685
3.073215103987799
2.7183772004944267
0.9084927970775745
1.833494518006403
2.9470947826937124
1.7034689811431285
1.7361802492240868
1.993052538854533
0.45497224367902867
2.2112266089934707
0.7979497800528961
2.7617165423036134
0.5133894727892967
-1.1538831540244008
0.33652232312923847
3.6006102499641752
0.9267451216136129
2.6017381377195505
2.333333333333334
2.2112266089934707
0.7979497800528961
2.2725052695264836
2.2112266089934707
0.6477002934788807
1.6706182174831152
1.8011913102157582
1.993052538854533
2.4834955631329816
0.9812157778838024
1.9296146109875911
2.1494871871880026
1.7361802492240868
0.35641726163728205
1.6706182174831152
1.833494518006403
1.865665062071158
1.6210765696722982
1.3683735853259575
1.6376261582597333
3.5081039331740804
0.741998624632421
1.035264706814485
2.071648849616487
3.1148674198151713
3.1148674198151713
3.4146887169127194
1.993052538854533
0.9812157778838024
1.833494518006403
2.1804151434503574
-0.24840821330233087
0.29654386520610654
0.9449494765853581
1.7687537838147085
2.2112266089934707
1.9296146109875911
1.8977045635891816
1.1244351184901502
0.5712874067277101
0.7979497800528961
1.6376261582597333
2.055990932156634
1.993052538854533
1.8977045635891816
-0.3816678128063158
2.890467031624608
3.2250208726598615
2.7183772004944267
